1 0.711052 0.357622 0.640168 0.282012 0.601448 0.346545 0.672332 0.422154
1 0.592954 0.719819 0.575763 0.596613 0.517777 0.610997 0.534969 0.734203
3 0.799519 0.382372 0.746154 0.275641 0.639423 0.370513 0.692788 0.477244
3 0.636875 0.349583 0.561606 0.230977 0.463195 0.342004 0.538464 0.460611
0 0.749399 0.631410 0.707933 0.594551 0.662019 0.686378 0.703486 0.723237
0 0.822661 0.453981 0.772412 0.417436 0.729658 0.521948 0.779906 0.558493
0 0.645312 0.441667 0.560937 0.441667 0.560937 0.506250 0.645312 0.506250
0 0.611094 0.773542 0.595625 0.711667 0.517344 0.746458 0.532812 0.808333
0 0.465360 0.562341 0.463507 0.503069 0.384933 0.507434 0.386785 0.566706
0 0.496094 0.401042 0.420625 0.367500 0.404531 0.431875 0.480000 0.465417
0 0.891713 0.102739 0.858971 0.032889 0.753775 0.120552 0.786517 0.190403
0 0.676562 0.862500 0.600000 0.862500 0.600000 0.937500 0.676562 0.937500
