0 0.702856 0.514440 0.641703 0.481825 0.602263 0.613290 0.663416 0.645905
0 0.843750 0.535417 0.776563 0.535417 0.776563 0.677083 0.843750 0.677083
0 0.192048 0.507491 0.085392 0.442851 0.058904 0.520548 0.165561 0.585188
0 0.405828 0.438795 0.340203 0.424212 0.323100 0.561036 0.388725 0.575619
0 0.392188 0.362500 0.349219 0.305208 0.275000 0.404167 0.317969 0.461458
0 0.643750 0.256250 0.542188 0.256250 0.542188 0.333333 0.643750 0.333333
0 0.506250 0.543750 0.404687 0.543750 0.404687 0.620833 0.506250 0.620833
0 0.597989 0.949591 0.574357 0.781541 0.510112 0.797602 0.533744 0.965653
0 0.565585 0.230653 0.473955 0.164013 0.448995 0.225027 0.540625 0.291667
0 0.571194 0.222174 0.562222 0.102537 0.516275 0.108663 0.525248 0.228300
0 0.796094 0.507292 0.750781 0.446875 0.674219 0.548958 0.719531 0.609375
