0 0.818750 0.308333 0.793750 0.275000 0.747656 0.336458 0.772656 0.369792
0 0.444353 0.590905 0.441455 0.544526 0.383006 0.551020 0.385905 0.597399
0 0.883113 0.777163 0.869916 0.712644 0.794555 0.740048 0.807752 0.804567
0 0.314063 0.845833 0.275000 0.845833 0.275000 0.931250 0.314063 0.931250
0 0.417003 0.396852 0.408761 0.349228 0.347367 0.368118 0.355609 0.415742
0 0.199481 0.138412 0.137877 0.123011 0.130483 0.175590 0.192087 0.190991
0 0.359779 0.582507 0.344747 0.535740 0.287608 0.568391 0.302640 0.615158
0 0.659021 0.500021 0.592767 0.460760 0.576788 0.508698 0.643041 0.547960
0 0.603961 0.518773 0.540389 0.492691 0.528361 0.544809 0.591934 0.570890
0 0.457813 0.591667 0.396875 0.591667 0.396875 0.643750 0.457813 0.643750
0 0.563281 0.232292 0.521094 0.176042 0.498437 0.206250 0.540625 0.262500
0 0.681875 0.566250 0.665938 0.523750 0.615313 0.557500 0.631250 0.600000
0 0.362500 0.454167 0.290625 0.454167 0.290625 0.504167 0.362500 0.504167
