3 0.799438 0.482250 0.740437 0.423250 0.671625 0.545583 0.730625 0.604583
3 0.461415 0.491057 0.356407 0.472389 0.344739 0.589065 0.449748 0.607733
0 0.809375 0.231250 0.728125 0.231250 0.728125 0.295833 0.809375 0.295833
0 0.626994 0.328520 0.598222 0.232615 0.557813 0.254167 0.586584 0.350072
0 0.680833 0.513489 0.603607 0.455570 0.579530 0.512642 0.656755 0.570561
0 0.529687 0.437500 0.498437 0.395833 0.437500 0.477083 0.468750 0.518750
0 0.380000 0.611250 0.355313 0.545417 0.272188 0.600833 0.296875 0.666667
0 0.398750 0.396667 0.360313 0.294167 0.313437 0.325417 0.351875 0.427917
0 0.590625 0.566667 0.537500 0.566667 0.537500 0.700000 0.590625 0.700000
0 0.554688 0.254167 0.500000 0.254167 0.500000 0.345833 0.554688 0.345833
