1 0.249052 0.573689 0.183883 0.519382 0.154213 0.582678 0.219382 0.636985
3 0.454378 0.636340 0.404481 0.516588 0.353140 0.554619 0.403037 0.674371
3 0.514614 0.457108 0.504504 0.403186 0.411489 0.434191 0.421599 0.488113
0 0.528666 0.611531 0.481946 0.605301 0.475278 0.694204 0.521999 0.700433
0 0.944073 0.865661 0.914009 0.765445 0.867134 0.790445 0.897198 0.890661
0 0.442188 0.758333 0.406250 0.758333 0.406250 0.847917 0.442188 0.847917
0 0.609375 0.679167 0.576562 0.635417 0.525781 0.703125 0.558594 0.746875
0 0.349680 0.716137 0.344173 0.635365 0.305712 0.640027 0.311219 0.720799
0 0.834375 0.300000 0.791406 0.242708 0.717187 0.341667 0.760156 0.398958
0 0.533998 0.720618 0.462716 0.679885 0.445905 0.732184 0.517188 0.772917
0 0.461725 0.881029 0.454431 0.834831 0.388205 0.853421 0.395499 0.899619
2 0.734375 0.889583 0.660781 0.856875 0.645937 0.916250 0.719531 0.948958
