0 0.855792 0.287925 0.830175 0.269294 0.803722 0.333957 0.829339 0.352588
0 0.728125 0.633333 0.689063 0.633333 0.689063 0.708333 0.728125 0.708333
0 0.314040 0.757208 0.271698 0.730862 0.233018 0.841378 0.275359 0.867724
0 0.218750 0.837500 0.173438 0.837500 0.173438 0.922917 0.218750 0.922917
0 0.382705 0.170474 0.311422 0.129741 0.294208 0.183297 0.365490 0.224030
0 0.266247 0.942695 0.245241 0.837664 0.204979 0.851980 0.225985 0.957011
0 0.735938 0.758333 0.701562 0.758333 0.701562 0.839583 0.735938 0.839583
0 0.355055 0.266544 0.342739 0.200858 0.261489 0.227941 0.273805 0.293627
0 0.692156 0.611009 0.635636 0.605626 0.633130 0.652411 0.689649 0.657794
0 0.470422 0.226832 0.389294 0.220071 0.386272 0.284533 0.467400 0.291294
0 0.837851 0.238042 0.808229 0.221585 0.784930 0.296142 0.814553 0.312599
