0 0.115127 0.335244 0.082832 0.311757 0.057036 0.374814 0.089331 0.398301
0 0.626563 0.793750 0.584375 0.737500 0.559375 0.770833 0.601563 0.827083
0 0.551562 0.602083 0.482812 0.602083 0.482812 0.643750 0.551562 0.643750
0 0.228125 0.895833 0.200000 0.895833 0.200000 0.962500 0.228125 0.962500
0 0.952332 0.791378 0.934832 0.750545 0.877284 0.794391 0.894784 0.835224
0 0.571875 0.795833 0.551562 0.768750 0.511719 0.821875 0.532031 0.848958
0 0.488631 0.688937 0.456304 0.671695 0.436045 0.739224 0.468373 0.756466
0 0.283594 0.848958 0.222596 0.832692 0.216526 0.873157 0.277524 0.889423
0 0.712500 0.481250 0.680469 0.438542 0.626563 0.510417 0.658594 0.553125
0 0.573756 0.761725 0.540737 0.698133 0.511894 0.724758 0.544912 0.788350
0 0.401562 0.283333 0.335938 0.283333 0.335938 0.337500 0.401562 0.337500
0 0.546227 0.797358 0.507203 0.732317 0.477477 0.764024 0.516502 0.829065
0 0.598317 0.822115 0.547933 0.813718 0.544111 0.854487 0.594495 0.862885
0 0.562043 0.561179 0.491723 0.541087 0.483308 0.593445 0.553628 0.613537
0 0.309375 0.912500 0.256250 0.912500 0.256250 0.954167 0.309375 0.954167
