0 0.335817 0.648718 0.315385 0.607853 0.260216 0.656891 0.280649 0.697756
0 0.298249 0.744407 0.234700 0.685095 0.205191 0.741303 0.268740 0.800615
0 0.629687 0.343750 0.554688 0.343750 0.554688 0.418750 0.629687 0.418750
0 0.235156 0.565625 0.219073 0.515589 0.157220 0.550934 0.173303 0.600970
0 0.542659 0.351965 0.499116 0.335377 0.476356 0.441588 0.519900 0.458176
0 0.168750 0.606250 0.128125 0.606250 0.128125 0.697917 0.168750 0.697917
0 0.190625 0.379167 0.151563 0.379167 0.151563 0.475000 0.190625 0.475000
0 0.325933 0.581837 0.288643 0.510808 0.262741 0.534983 0.300031 0.606012
0 0.220783 0.661431 0.175671 0.657421 0.171481 0.741215 0.216593 0.745225
0 0.624390 0.333559 0.605886 0.277165 0.522935 0.325553 0.541440 0.381947
0 0.612825 0.217119 0.592559 0.160073 0.514243 0.209535 0.534509 0.266582
0 0.273474 0.480472 0.234661 0.477237 0.230344 0.569326 0.269157 0.572560
