1 0.918435 0.139868 0.877263 0.108989 0.837162 0.204043 0.878334 0.234922
1 0.210653 0.632439 0.175524 0.558836 0.133869 0.594179 0.168998 0.667782
1 0.786962 0.303124 0.727027 0.259034 0.706083 0.309648 0.766018 0.353737
1 0.296664 0.198735 0.248234 0.185140 0.232502 0.284781 0.280931 0.298375
1 0.362812 0.103333 0.314063 0.070833 0.274688 0.175833 0.323437 0.208333
1 0.543630 0.779682 0.527262 0.723911 0.465166 0.756308 0.481534 0.812080
1 0.639987 0.866062 0.603578 0.847066 0.580963 0.924126 0.617372 0.943122
1 0.645312 0.727083 0.601562 0.727083 0.601562 0.814583 0.645312 0.814583
2 0.585938 0.558333 0.528125 0.558333 0.528125 0.606250 0.585938 0.606250
2 0.145774 0.786217 0.101407 0.783103 0.097889 0.872220 0.142257 0.875334
