1 0.119255 0.544615 0.048870 0.532885 0.044135 0.583397 0.114519 0.595128
1 0.418750 0.618750 0.375000 0.618750 0.375000 0.722917 0.418750 0.722917
1 0.799612 0.689124 0.747920 0.627859 0.718093 0.672601 0.769784 0.733865
1 0.240689 0.805106 0.237052 0.751759 0.162807 0.760758 0.166445 0.814105
1 0.454350 0.525722 0.411189 0.524029 0.409012 0.622719 0.452173 0.624411
1 0.589063 0.595833 0.534375 0.595833 0.534375 0.675000 0.589063 0.675000
1 0.697644 0.760288 0.658486 0.719679 0.617764 0.789487 0.656923 0.830096
1 0.709565 0.674816 0.677475 0.635453 0.626527 0.709290 0.658617 0.748653
0 0.697954 0.435009 0.683264 0.390936 0.625564 0.425129 0.640255 0.469201
0 0.741250 0.042083 0.683750 0.003750 0.667812 0.046250 0.725312 0.084583
