1 0.873750 0.247083 0.807482 0.171348 0.768548 0.231912 0.834816 0.307647
1 0.588462 0.739423 0.562740 0.687981 0.500000 0.743750 0.525721 0.795192
1 0.903125 0.750000 0.869531 0.705208 0.815625 0.777083 0.849219 0.821875
1 0.615625 0.683333 0.575000 0.683333 0.575000 0.779167 0.615625 0.779167
1 0.764338 0.661887 0.746324 0.565809 0.694118 0.583211 0.712132 0.679289
1 0.602344 0.682292 0.599283 0.612924 0.515016 0.619533 0.518077 0.688901
1 0.744393 0.782598 0.727941 0.694853 0.683824 0.709559 0.700276 0.797304
1 0.469266 0.940822 0.446713 0.886694 0.377329 0.938090 0.399882 0.992217
3 0.217188 0.147917 0.140625 0.147917 0.140625 0.287500 0.217188 0.287500
3 0.778211 0.429113 0.761285 0.380756 0.680537 0.430999 0.697462 0.479357
2 0.867080 0.467026 0.860517 0.362026 0.811379 0.367486 0.817942 0.472486
2 0.805075 0.824410 0.769234 0.782596 0.727420 0.846313 0.763261 0.888127
