1 0.849848 0.415542 0.819165 0.368787 0.768169 0.428282 0.798852 0.475037
1 0.760478 0.747549 0.745588 0.668137 0.708088 0.680637 0.722978 0.760049
1 0.887834 0.598145 0.819852 0.584200 0.813331 0.640715 0.881313 0.654660
1 0.330864 0.791225 0.277463 0.730196 0.246691 0.778064 0.300092 0.839093
1 0.339063 0.637500 0.287500 0.637500 0.287500 0.743750 0.339063 0.743750
1 0.709159 0.688218 0.692672 0.636925 0.639494 0.667313 0.655981 0.718606
1 0.465313 0.375833 0.429688 0.352083 0.400313 0.430417 0.435937 0.454167
1 0.578906 0.821875 0.545313 0.777083 0.500781 0.836458 0.534375 0.881250
1 0.704472 0.821552 0.666218 0.801149 0.640356 0.887356 0.678610 0.907759
1 0.728401 0.344363 0.660754 0.321814 0.650919 0.374265 0.718566 0.396814
1 0.388202 0.600585 0.335112 0.556344 0.310797 0.608216 0.363887 0.652458
