1 0.349688 0.651250 0.308438 0.632917 0.285313 0.725417 0.326563 0.743750
1 0.901698 0.621352 0.838121 0.580428 0.819790 0.631057 0.883367 0.671980
1 0.390032 0.869684 0.373384 0.817888 0.306250 0.856250 0.322899 0.908046
1 0.284058 0.908925 0.249768 0.876267 0.213978 0.943074 0.248269 0.975732
1 0.754812 0.597511 0.708739 0.527305 0.674004 0.567828 0.720077 0.638035
1 0.304600 0.532436 0.253549 0.530005 0.251033 0.623933 0.302084 0.626364
1 0.957781 0.470542 0.951750 0.414250 0.860750 0.431583 0.866781 0.487875
1 0.636601 0.722494 0.607911 0.642510 0.561690 0.671984 0.590380 0.751968
3 0.444514 0.897851 0.421854 0.813254 0.384835 0.830882 0.407494 0.915479
2 0.573860 0.677872 0.535346 0.669313 0.525591 0.747354 0.564105 0.755912
2 0.939844 0.382292 0.903906 0.334375 0.844531 0.413542 0.880469 0.461458
3 0.717250 0.686000 0.710437 0.622417 0.619000 0.639833 0.625812 0.703417
