1 0.729688 0.106250 0.681250 0.106250 0.681250 0.189583 0.729688 0.189583
1 0.814063 0.377083 0.765625 0.312500 0.735156 0.353125 0.783594 0.417708
1 0.421812 0.642566 0.418766 0.585713 0.355584 0.591730 0.358629 0.648583
1 0.397625 0.507000 0.364875 0.474250 0.328312 0.539250 0.361062 0.572000
1 0.739553 0.379664 0.711196 0.295320 0.672882 0.318220 0.701239 0.402564
1 0.424159 0.407692 0.394152 0.378886 0.356484 0.448641 0.386491 0.477448
1 0.783173 0.229487 0.721442 0.219199 0.716346 0.273558 0.778077 0.283846
1 0.700962 0.433494 0.687921 0.346554 0.648257 0.357131 0.661298 0.444071
1 0.517969 0.498958 0.471875 0.437500 0.442969 0.476042 0.489063 0.537500
1 0.522787 0.640197 0.514081 0.564740 0.476391 0.572471 0.485098 0.647929
1 0.667812 0.605833 0.639978 0.572845 0.600927 0.631422 0.628761 0.664411
