1 0.798438 0.220833 0.732812 0.220833 0.732812 0.289583 0.798438 0.289583
1 0.301584 0.819961 0.266702 0.786740 0.218560 0.876605 0.253442 0.909825
1 0.724378 0.591722 0.675152 0.534292 0.651244 0.570723 0.700470 0.628153
1 0.289534 0.075118 0.250000 0.045833 0.214475 0.131093 0.254009 0.160377
1 0.264062 0.168750 0.216406 0.105208 0.182812 0.150000 0.230469 0.213542
1 0.235625 0.530417 0.207188 0.454583 0.166563 0.481667 0.195000 0.557500
1 0.301913 0.419145 0.275485 0.336925 0.233998 0.360632 0.260426 0.442852
1 0.717272 0.454842 0.711064 0.405180 0.646453 0.419538 0.652660 0.469200
1 0.211250 0.709167 0.169063 0.690417 0.148281 0.773542 0.190469 0.792292
1 0.724903 0.286748 0.661695 0.249291 0.641978 0.308441 0.705187 0.345898
