2 0.528750 0.343333 0.479063 0.210833 0.423438 0.247917 0.473125 0.380417
2 0.510167 0.379544 0.420489 0.336840 0.400481 0.411538 0.490158 0.454242
2 0.429363 0.799835 0.422664 0.710520 0.353821 0.719699 0.360520 0.809014
1 0.371875 0.868750 0.315625 0.868750 0.315625 0.975000 0.371875 0.975000
1 0.434540 0.874825 0.386810 0.845126 0.354556 0.937280 0.402287 0.966978
1 0.433686 0.797572 0.337033 0.794708 0.335838 0.866386 0.432492 0.869250
1 0.451562 0.641667 0.392188 0.641667 0.392188 0.756250 0.451562 0.756250
1 0.472186 0.577627 0.389212 0.556115 0.378413 0.630167 0.461387 0.651679
1 0.488116 0.570795 0.465668 0.471024 0.411052 0.492871 0.433501 0.592641
1 0.474771 0.449339 0.421227 0.392226 0.366349 0.483689 0.419893 0.540803
1 0.586458 0.128866 0.526483 0.079157 0.464491 0.212124 0.524467 0.261833
