2 0.457813 0.360417 0.397592 0.291593 0.366599 0.339804 0.426820 0.408627
2 0.574596 0.440028 0.531166 0.434513 0.523883 0.536465 0.567314 0.541980
2 0.690238 0.732240 0.636092 0.725021 0.630028 0.805879 0.684174 0.813098
1 0.393859 0.871925 0.349711 0.851690 0.320139 0.966392 0.364288 0.986627
1 0.532414 0.901240 0.530365 0.822023 0.487043 0.824015 0.489092 0.903231
1 0.609687 0.751250 0.549063 0.710833 0.524063 0.777500 0.584688 0.817917
1 0.589577 0.567672 0.579393 0.506569 0.499651 0.530196 0.509835 0.591299
1 0.795938 0.550417 0.759688 0.526250 0.728125 0.610417 0.764375 0.634583
1 0.876923 0.507073 0.840205 0.460244 0.788321 0.532568 0.825039 0.579397
1 0.992703 0.659880 0.973502 0.602277 0.907684 0.641280 0.926885 0.698883
