2 0.508129 0.577469 0.441366 0.456081 0.375795 0.520195 0.442558 0.641582
2 0.570312 0.639583 0.467187 0.639583 0.467187 0.722917 0.570312 0.722917
1 0.259080 0.734814 0.139369 0.682989 0.115061 0.782810 0.234772 0.834636
1 0.441608 0.601953 0.328042 0.595836 0.325271 0.687264 0.438838 0.693382
1 0.453479 0.729794 0.445711 0.665167 0.331493 0.689574 0.339261 0.754201
1 0.949052 0.384489 0.928694 0.208056 0.832180 0.227854 0.852538 0.404287
1 0.707150 0.275059 0.637807 0.147042 0.570148 0.212196 0.639490 0.340213
1 0.538612 0.349498 0.531015 0.235537 0.398348 0.251261 0.405945 0.365221
1 0.350986 0.601694 0.346546 0.497116 0.223944 0.506369 0.228383 0.610947
2 0.368750 0.329167 0.305469 0.244792 0.212500 0.368750 0.275781 0.453125
