1 0.480932 0.329122 0.413546 0.264544 0.385523 0.316530 0.452909 0.381108
1 0.315505 0.645032 0.278365 0.612019 0.237740 0.693269 0.274880 0.726282
1 0.479596 0.691348 0.470591 0.591289 0.426291 0.598377 0.435297 0.698436
1 0.686813 0.687427 0.684357 0.635028 0.617042 0.640637 0.619498 0.693037
1 0.545312 0.735417 0.482812 0.735417 0.482812 0.793750 0.545312 0.793750
2 0.514255 0.867115 0.478582 0.783878 0.442740 0.811186 0.478413 0.894423
2 0.372213 0.608953 0.365329 0.553885 0.292610 0.570045 0.299493 0.625113
2 0.355154 0.520909 0.340908 0.467722 0.272115 0.500481 0.286362 0.553667
3 0.269979 0.612133 0.209064 0.565111 0.192589 0.603052 0.253504 0.650073
3 0.403438 0.640417 0.359375 0.620833 0.336406 0.712708 0.380469 0.732292
1 0.351873 0.884032 0.325212 0.837914 0.278077 0.886357 0.304738 0.932474
1 0.342467 0.401088 0.338643 0.308022 0.298440 0.310959 0.302264 0.404025
1 0.646152 0.103057 0.593757 0.100116 0.590240 0.211474 0.642635 0.214416
