1 0.671026 0.442492 0.634408 0.422288 0.605817 0.514416 0.642435 0.534619
1 0.692187 0.368750 0.651563 0.368750 0.651563 0.452083 0.692187 0.452083
1 0.787877 0.397312 0.713699 0.386901 0.708793 0.449041 0.782971 0.459452
1 0.669423 0.572901 0.651119 0.526124 0.594676 0.565388 0.612981 0.612166
1 0.608056 0.563323 0.597927 0.500295 0.543506 0.515843 0.553636 0.578872
1 0.618721 0.580346 0.554746 0.555975 0.542070 0.615134 0.606044 0.639505
1 0.505775 0.506794 0.461277 0.447464 0.429008 0.490490 0.473505 0.549820
1 0.509519 0.452994 0.454072 0.409717 0.433780 0.455937 0.489227 0.499213
2 0.559009 0.552471 0.553621 0.466264 0.512371 0.470848 0.517759 0.557055
2 0.647969 0.312708 0.627344 0.230208 0.582812 0.250000 0.603437 0.332500
3 0.453375 0.462250 0.411750 0.388250 0.368250 0.431750 0.409875 0.505750
1 0.554829 0.369872 0.511517 0.362655 0.503231 0.451061 0.546543 0.458277
