2 0.257181 0.797996 0.229097 0.762521 0.180237 0.831286 0.208321 0.866761
2 0.510130 0.645305 0.439063 0.625000 0.431311 0.673232 0.502378 0.693537
2 0.231418 0.774872 0.229413 0.726756 0.169615 0.731186 0.171620 0.779301
1 0.142924 0.743057 0.115860 0.691936 0.066109 0.738761 0.093173 0.789882
1 0.564946 0.718670 0.538958 0.659763 0.459271 0.722263 0.485259 0.781170
1 0.741635 0.533116 0.671930 0.461861 0.639664 0.517976 0.709370 0.589231
1 0.743750 0.570833 0.660937 0.570833 0.660937 0.643750 0.743750 0.643750
1 0.872908 0.581039 0.866130 0.507231 0.764434 0.523834 0.771212 0.597642
1 0.804674 0.601344 0.753337 0.571744 0.719937 0.674727 0.771274 0.704327
3 0.695000 0.715417 0.658016 0.643345 0.602002 0.694446 0.638986 0.766517
1 0.445645 0.615912 0.373742 0.574125 0.356266 0.627584 0.428169 0.669371
1 0.169947 0.807658 0.148990 0.756861 0.097929 0.794311 0.118886 0.845108
