1 0.307722 0.447203 0.214187 0.427804 0.204810 0.508174 0.298346 0.527574
1 0.451159 0.415104 0.406861 0.354004 0.335862 0.445514 0.380160 0.506614
1 0.426563 0.477083 0.370313 0.477083 0.370313 0.604167 0.426563 0.604167
1 0.579828 0.475260 0.571461 0.406727 0.474149 0.427849 0.482516 0.496382
1 0.655082 0.761622 0.580439 0.710145 0.550450 0.787451 0.625092 0.838929
1 0.437500 0.685417 0.378125 0.606250 0.340625 0.656250 0.400000 0.735417
1 0.370777 0.599550 0.311816 0.575360 0.286748 0.683986 0.345709 0.708176
1 0.322837 0.735256 0.293990 0.677564 0.231971 0.732692 0.260817 0.790385
1 0.226401 0.790846 0.198572 0.734098 0.137571 0.787278 0.165400 0.844026
1 0.279213 0.882678 0.261227 0.778757 0.206224 0.795681 0.224210 0.899602
1 0.364063 0.733333 0.273438 0.733333 0.273438 0.802083 0.364063 0.802083
2 0.512781 0.740125 0.501062 0.630750 0.453156 0.639875 0.464875 0.749250
2 0.898362 0.522040 0.836422 0.515158 0.829343 0.628434 0.891282 0.635316
