1 0.241360 0.489828 0.197610 0.475245 0.181158 0.562990 0.224908 0.577574
1 0.195312 0.016667 0.126562 0.016667 0.126562 0.077083 0.195312 0.077083
1 0.562961 0.417534 0.555536 0.353191 0.492251 0.366173 0.499675 0.430515
1 0.456496 0.546256 0.399211 0.480060 0.366422 0.530504 0.423707 0.596701
1 0.411405 0.777964 0.384472 0.697165 0.345764 0.720103 0.372697 0.800902
1 0.527576 0.804392 0.478801 0.713345 0.439780 0.750507 0.488556 0.841554
1 0.626222 0.555402 0.589709 0.552451 0.585629 0.642210 0.622142 0.645160
1 0.691387 0.554980 0.656898 0.518191 0.608880 0.598222 0.643369 0.635010
2 0.742625 0.756167 0.686375 0.699917 0.662188 0.742917 0.718438 0.799167
2 0.589207 0.845128 0.518474 0.819407 0.507656 0.872292 0.578389 0.898013
2 0.440616 0.923880 0.430446 0.835742 0.395457 0.842919 0.405627 0.931057
3 0.565312 0.651250 0.533437 0.601667 0.476305 0.666961 0.508180 0.716544
