1 0.499403 0.495895 0.415717 0.309926 0.336903 0.372978 0.420588 0.558946
1 0.321235 0.573941 0.210693 0.482999 0.169704 0.571574 0.280245 0.662516
1 0.285321 0.952608 0.276742 0.843944 0.199880 0.854732 0.208459 0.963396
1 0.370313 0.656250 0.257813 0.656250 0.257813 0.760417 0.370313 0.760417
1 0.498456 0.580098 0.358327 0.538578 0.340276 0.646887 0.480404 0.688407
1 0.677561 0.527015 0.618135 0.431933 0.515164 0.546346 0.574590 0.641428
1 0.752766 0.636474 0.712010 0.520027 0.576773 0.604174 0.617530 0.720620
2 0.521801 0.808278 0.491114 0.662151 0.424986 0.686839 0.455673 0.832966
2 0.617203 0.768903 0.553354 0.643709 0.483007 0.707490 0.546856 0.832684
3 0.604327 0.830929 0.450212 0.757541 0.417619 0.879223 0.571734 0.952611
