1 0.168750 0.775000 0.101563 0.775000 0.101563 0.835417 0.168750 0.835417
1 0.251909 0.831158 0.204965 0.734864 0.163829 0.770515 0.210773 0.866809
1 0.535462 0.685751 0.507943 0.616228 0.420801 0.677550 0.448321 0.747073
1 0.345938 0.718333 0.324375 0.660833 0.256875 0.705833 0.278438 0.763333
1 0.405537 0.540144 0.354831 0.522697 0.333965 0.630504 0.384671 0.647951
1 0.546875 0.504167 0.459375 0.504167 0.459375 0.585417 0.546875 0.585417
1 0.599704 0.446115 0.507728 0.425676 0.499198 0.493919 0.591174 0.514358
1 0.721427 0.408837 0.629565 0.380571 0.615897 0.459539 0.707760 0.487804
2 0.262078 0.699212 0.217230 0.689245 0.205363 0.784178 0.250211 0.794144
2 0.485661 0.421242 0.406326 0.405570 0.398104 0.479564 0.477439 0.495235
2 0.880243 0.401335 0.777125 0.385621 0.770563 0.462181 0.873680 0.477894
1 0.468070 0.498188 0.395935 0.470403 0.383231 0.529037 0.455366 0.556822
