3 0.732311 0.585373 0.684610 0.548273 0.639556 0.651252 0.687257 0.688353
3 0.665313 0.678333 0.652188 0.643333 0.589063 0.685417 0.602188 0.720417
2 0.856545 0.585263 0.785681 0.576673 0.781327 0.640540 0.852190 0.649129
2 0.576702 0.460644 0.484344 0.448329 0.478806 0.522174 0.571163 0.534488
2 0.556234 0.631616 0.500544 0.627249 0.494952 0.754016 0.550641 0.758384
1 0.552965 0.537669 0.463370 0.523778 0.456883 0.598160 0.546478 0.612051
1 0.426242 0.539054 0.420633 0.456779 0.308632 0.470355 0.314242 0.552630
1 0.838901 0.700503 0.818319 0.631897 0.748545 0.669109 0.769127 0.737716
1 0.831094 0.702708 0.785625 0.682500 0.760156 0.784375 0.805625 0.804583
1 0.164431 0.591249 0.055220 0.535372 0.028101 0.629602 0.137312 0.685479
1 0.667292 0.537486 0.592825 0.474050 0.563236 0.535800 0.637703 0.599236
1 0.613040 0.681287 0.566690 0.580870 0.530380 0.610666 0.576731 0.711082
1 0.888294 0.728693 0.840839 0.695888 0.803209 0.792658 0.850663 0.825464
