1 0.253138 0.659607 0.201179 0.565388 0.148651 0.616887 0.200610 0.711106
1 0.370469 0.641042 0.295956 0.577819 0.264623 0.643468 0.339136 0.706691
1 0.664531 0.678958 0.641406 0.586458 0.588906 0.609792 0.612031 0.702292
1 0.782696 0.397373 0.731853 0.392643 0.726159 0.501464 0.777001 0.506194
1 0.527059 0.824853 0.486921 0.790797 0.437895 0.893517 0.478033 0.927574
2 0.183352 0.489168 0.081858 0.460462 0.069575 0.537670 0.171069 0.566376
2 0.411058 0.642949 0.368510 0.557853 0.333173 0.589263 0.375721 0.674359
2 0.404687 0.729167 0.354688 0.729167 0.354688 0.854167 0.404687 0.854167
2 0.138620 0.896350 0.081222 0.808886 0.039961 0.857024 0.097359 0.944487
2 0.838607 0.677104 0.785300 0.633105 0.763156 0.680799 0.816463 0.724798
1 0.724630 0.762719 0.650931 0.736514 0.638042 0.800953 0.711741 0.827159
1 0.799456 0.768983 0.730619 0.749772 0.721219 0.809649 0.790057 0.828860
1 0.328804 0.676629 0.248912 0.623370 0.219430 0.701993 0.299322 0.755252
