1 0.270640 0.083741 0.242701 0.004580 0.200412 0.031114 0.228351 0.110275
1 0.332431 0.423323 0.264005 0.413186 0.258479 0.479497 0.326905 0.489634
1 0.428477 0.575548 0.382429 0.556788 0.356011 0.672067 0.402059 0.690827
1 0.389700 0.605753 0.325986 0.539679 0.293257 0.595785 0.356971 0.661859
1 0.343125 0.654583 0.305938 0.555417 0.267813 0.580833 0.305000 0.680000
1 0.253065 0.685016 0.240385 0.600481 0.195913 0.612340 0.208594 0.696875
1 0.064081 0.877801 0.061786 0.789041 0.018195 0.791046 0.020491 0.879805
1 0.284597 0.920626 0.223765 0.867593 0.200423 0.915192 0.261255 0.968225
3 0.404044 0.438848 0.345588 0.419363 0.327206 0.517402 0.385662 0.536887
2 0.328594 0.551875 0.315625 0.500000 0.260781 0.524375 0.273750 0.576250
2 0.272351 0.545403 0.252857 0.497416 0.191447 0.541767 0.210942 0.589754
2 0.287500 0.602083 0.243750 0.602083 0.243750 0.697917 0.287500 0.697917
