2 0.189063 0.356250 0.125000 0.356250 0.125000 0.479167 0.189063 0.479167
2 0.757812 0.900000 0.690625 0.900000 0.690625 0.952083 0.757812 0.952083
2 0.856416 0.885026 0.847886 0.797831 0.806471 0.805034 0.815001 0.892228
1 0.717510 0.877475 0.674090 0.846302 0.635407 0.942087 0.678827 0.973261
1 0.347236 0.512821 0.299736 0.401987 0.248077 0.441346 0.295577 0.552179
1 0.668483 0.584299 0.662367 0.510899 0.579021 0.523247 0.585137 0.596646
1 0.711153 0.595335 0.677964 0.558892 0.635883 0.627023 0.669072 0.663466
1 0.848617 0.344296 0.788064 0.277015 0.755789 0.328654 0.816342 0.395936
1 0.832007 0.754532 0.816176 0.652506 0.771793 0.664750 0.787625 0.766776
1 0.799066 0.776375 0.759719 0.718841 0.722266 0.764377 0.761613 0.821911
1 0.843156 0.773344 0.823530 0.740423 0.776989 0.789750 0.796615 0.822670
