2 0.514301 0.768775 0.461029 0.685907 0.423713 0.728554 0.476985 0.811422
2 0.428438 0.665833 0.376125 0.572833 0.340375 0.608583 0.392688 0.701583
2 0.465962 0.861207 0.392936 0.827340 0.376304 0.891094 0.449331 0.924961
3 0.677141 0.813901 0.601771 0.761645 0.571558 0.839114 0.646928 0.891370
3 0.334277 0.539587 0.331340 0.414254 0.246023 0.417809 0.248960 0.543142
1 0.121155 0.076381 0.057707 0.056859 0.038852 0.165801 0.102300 0.185323
1 0.298776 0.388679 0.243119 0.280458 0.196630 0.322962 0.252287 0.431183
1 0.657597 0.276365 0.618804 0.147055 0.559537 0.178664 0.598330 0.307974
1 0.195221 0.421324 0.143750 0.404167 0.125000 0.504167 0.176471 0.521324
1 0.232725 0.641271 0.225000 0.583333 0.149336 0.601269 0.157061 0.659206
1 0.285938 0.581250 0.232813 0.581250 0.232813 0.681250 0.285938 0.681250
1 0.456983 0.469526 0.396853 0.462845 0.389612 0.578707 0.449741 0.585388
1 0.491755 0.662051 0.484976 0.589744 0.411707 0.601955 0.418486 0.674263
