1 0.693437 0.475833 0.613437 0.422500 0.582500 0.505000 0.662500 0.558333
1 0.727129 0.563820 0.700950 0.491218 0.603909 0.553424 0.630087 0.626026
1 0.928125 0.272917 0.860938 0.272917 0.860938 0.400000 0.928125 0.400000
1 0.982531 0.752049 0.888704 0.740676 0.883581 0.815813 0.977408 0.827186
1 0.807910 0.872239 0.766373 0.841225 0.729018 0.930166 0.770554 0.961180
1 0.590236 0.782521 0.543567 0.752167 0.500393 0.870175 0.547063 0.900529
1 0.491648 0.808702 0.450415 0.745870 0.392450 0.813496 0.433684 0.876327
1 0.471936 0.890011 0.430937 0.852917 0.383982 0.945180 0.424981 0.982274
2 0.279365 0.654385 0.269608 0.566574 0.164960 0.587246 0.174717 0.675056
2 0.728941 0.803816 0.724945 0.723894 0.644365 0.731056 0.648361 0.810979
2 0.741164 0.933046 0.716056 0.849353 0.669989 0.873922 0.695097 0.957615
1 0.894340 0.666562 0.826695 0.593275 0.790371 0.652881 0.858016 0.726168
