2 0.491719 0.358125 0.402656 0.318542 0.385000 0.389167 0.474062 0.428750
2 0.699219 0.403125 0.677813 0.317500 0.570469 0.365208 0.591875 0.450833
2 0.663341 0.811859 0.649459 0.719311 0.546394 0.746795 0.560276 0.839343
1 0.421875 0.314583 0.358750 0.272500 0.310313 0.401667 0.373437 0.443750
1 0.591085 0.437132 0.539660 0.322855 0.473483 0.375797 0.524908 0.490074
1 0.680000 0.580000 0.633438 0.455833 0.565312 0.501250 0.611875 0.625417
1 0.768047 0.463585 0.740542 0.375567 0.624824 0.439855 0.652330 0.527872
1 0.596552 0.546839 0.502640 0.493175 0.478718 0.567601 0.572629 0.621264
1 0.621829 0.617463 0.561397 0.569118 0.503079 0.698713 0.563511 0.747059
1 0.688267 0.709827 0.669163 0.620676 0.574440 0.656761 0.593544 0.745912
