2 0.380431 0.454930 0.377308 0.346677 0.334703 0.348861 0.337825 0.457115
2 0.184075 0.412420 0.173221 0.359359 0.097993 0.386715 0.108846 0.439776
1 0.468894 0.207788 0.462788 0.142660 0.376058 0.157115 0.382163 0.222244
1 0.396875 0.450000 0.351563 0.450000 0.351563 0.541667 0.396875 0.541667
1 0.354282 0.562890 0.306589 0.559710 0.303869 0.632237 0.351563 0.635417
1 0.406755 0.637177 0.366206 0.544948 0.328111 0.574723 0.368660 0.666952
1 0.619952 0.578846 0.577404 0.541026 0.535096 0.625641 0.577644 0.663462
1 0.680313 0.537917 0.678626 0.486203 0.606480 0.490385 0.608166 0.542099
1 0.643029 0.409776 0.604087 0.375160 0.566346 0.450641 0.605288 0.485256
1 0.590228 0.368635 0.572419 0.316692 0.498087 0.361999 0.515896 0.413942
3 0.589028 0.296190 0.555396 0.237895 0.486757 0.308295 0.520388 0.366589
3 0.412890 0.693998 0.408894 0.638057 0.358975 0.644396 0.362971 0.700337
