2 0.417969 0.169792 0.361719 0.094792 0.329688 0.137500 0.385937 0.212500
2 0.456930 0.539784 0.426505 0.501353 0.378796 0.568501 0.409220 0.606931
1 0.375214 0.333164 0.312040 0.260163 0.275591 0.316238 0.338765 0.389240
1 0.464374 0.362694 0.441253 0.311918 0.380255 0.361296 0.403377 0.412073
1 0.433923 0.396263 0.351192 0.390135 0.348543 0.453712 0.431274 0.459840
1 0.326707 0.528550 0.292046 0.484113 0.240043 0.556224 0.274703 0.600661
1 0.435641 0.574564 0.362855 0.569711 0.360688 0.627483 0.433475 0.632336
1 0.782158 0.697945 0.763155 0.662472 0.714379 0.708925 0.733383 0.744398
1 0.857739 0.626642 0.819926 0.594559 0.787371 0.662770 0.825184 0.694853
1 0.906230 0.536586 0.902068 0.490336 0.841133 0.500085 0.845295 0.546336
1 0.946285 0.555690 0.918377 0.488703 0.884230 0.513995 0.912138 0.580982
1 0.966096 0.460867 0.912039 0.427826 0.894722 0.478195 0.948779 0.511236
