2 0.673438 0.904167 0.624399 0.860577 0.583534 0.942308 0.632572 0.985897
2 0.287500 0.150000 0.154688 0.150000 0.154688 0.264583 0.287500 0.264583
2 0.352524 0.576923 0.314784 0.501442 0.223558 0.582532 0.261298 0.658013
2 0.768087 0.626592 0.715817 0.587873 0.671374 0.694536 0.723644 0.733255
2 0.445878 0.289907 0.389494 0.257687 0.346417 0.391703 0.402802 0.423922
2 0.950000 0.518750 0.893750 0.518750 0.893750 0.627083 0.950000 0.627083
2 0.659375 0.564583 0.571875 0.564583 0.571875 0.647917 0.659375 0.647917
2 0.740625 0.729167 0.653125 0.729167 0.653125 0.791667 0.740625 0.791667
1 0.783727 0.509858 0.676715 0.494004 0.669893 0.575864 0.776905 0.591717
1 0.700172 0.666221 0.609411 0.647604 0.600470 0.725096 0.691230 0.743714
3 0.828750 0.385000 0.774063 0.239167 0.719063 0.275833 0.773750 0.421667
3 0.828125 0.625000 0.743750 0.625000 0.743750 0.708333 0.828125 0.708333
