2 0.644715 0.510478 0.611075 0.435723 0.577757 0.462377 0.611397 0.537132
2 0.547500 0.703750 0.522813 0.637917 0.477813 0.667917 0.502500 0.733750
2 0.678217 0.919240 0.667739 0.863358 0.612592 0.881740 0.623070 0.937623
2 0.231250 0.166667 0.187500 0.166667 0.187500 0.277083 0.231250 0.277083
2 0.411875 0.706667 0.396875 0.666667 0.346875 0.700000 0.361875 0.740000
2 0.639062 0.527083 0.560937 0.527083 0.560937 0.583333 0.639062 0.583333
2 0.574108 0.861630 0.570919 0.806348 0.509504 0.812647 0.512693 0.867929
2 0.357813 0.520833 0.321875 0.520833 0.321875 0.600000 0.357813 0.600000
0 0.575000 0.700000 0.507812 0.700000 0.507812 0.747917 0.575000 0.747917
0 0.514083 0.967081 0.510765 0.900710 0.478305 0.903595 0.481623 0.969967
