2 0.210938 0.379167 0.170313 0.379167 0.170313 0.460417 0.210938 0.460417
2 0.531250 0.487500 0.485938 0.487500 0.485938 0.581250 0.531250 0.581250
2 0.245312 0.404167 0.209375 0.404167 0.209375 0.481250 0.245312 0.481250
2 0.415986 0.138548 0.410694 0.092678 0.347760 0.105588 0.353053 0.151457
2 0.643750 0.858333 0.575000 0.858333 0.575000 0.916667 0.643750 0.916667
2 0.587988 0.875924 0.561899 0.837660 0.511425 0.898840 0.537514 0.937104
2 0.206633 0.546580 0.196904 0.501179 0.137677 0.523742 0.147406 0.569143
2 0.626563 0.589583 0.576562 0.522917 0.546875 0.562500 0.596875 0.629167
2 0.340625 0.179167 0.293750 0.179167 0.293750 0.283333 0.340625 0.283333
2 0.587500 0.481250 0.535937 0.412500 0.508594 0.448958 0.560156 0.517708
2 0.577427 0.787781 0.502923 0.779143 0.499323 0.834342 0.573827 0.842980
