2 0.490721 0.700224 0.454375 0.615417 0.420553 0.641186 0.456899 0.725994
2 0.708313 0.794250 0.649063 0.735000 0.624688 0.778333 0.683937 0.837583
2 0.257812 0.139583 0.231861 0.111273 0.193572 0.173670 0.219524 0.201980
2 0.341436 0.689307 0.315625 0.658333 0.275069 0.718416 0.300881 0.749390
2 0.401125 0.456167 0.361000 0.384833 0.327750 0.418083 0.367875 0.489417
2 0.286719 0.267708 0.232813 0.195833 0.200000 0.239583 0.253906 0.311458
2 0.565625 0.743750 0.534375 0.702083 0.485156 0.767708 0.516406 0.809375
2 0.477500 0.773333 0.460313 0.727500 0.399063 0.768333 0.416250 0.814167
2 0.507812 0.516667 0.484375 0.485417 0.442188 0.541667 0.465625 0.572917
2 0.599353 0.777155 0.559483 0.755891 0.536099 0.833836 0.575970 0.855101
2 0.414062 0.872917 0.357813 0.872917 0.357813 0.927083 0.414062 0.927083
