2 0.824375 0.526667 0.747500 0.475417 0.725000 0.535417 0.801875 0.586667
2 0.572791 0.860489 0.537150 0.749605 0.495663 0.773312 0.531304 0.884195
2 0.553005 0.082051 0.529207 0.034455 0.475120 0.082532 0.498918 0.130128
2 0.310937 0.416667 0.240625 0.416667 0.240625 0.477083 0.310937 0.477083
2 0.394531 0.767708 0.342187 0.697917 0.305469 0.746875 0.357813 0.816667
2 0.773600 0.617922 0.731149 0.577969 0.689838 0.656000 0.732289 0.695954
2 0.592468 0.604422 0.550825 0.504481 0.503729 0.539367 0.545371 0.639308
2 0.683125 0.313333 0.676187 0.248583 0.602469 0.262625 0.609406 0.327375
1 0.612500 0.320833 0.545312 0.320833 0.545312 0.408333 0.612500 0.408333
3 0.680820 0.626462 0.622703 0.563323 0.558487 0.668403 0.616604 0.731542
