2 0.672424 0.685642 0.587880 0.605124 0.557052 0.662669 0.641596 0.743187
2 0.190657 0.465585 0.089632 0.460197 0.087385 0.535077 0.188411 0.540465
2 0.391037 0.653403 0.345467 0.526818 0.290302 0.562123 0.335872 0.688708
1 0.413385 0.508981 0.293126 0.445396 0.266337 0.535470 0.386596 0.599055
1 0.486054 0.686856 0.385931 0.617205 0.359324 0.685200 0.459447 0.754851
1 0.624411 0.850357 0.573523 0.701084 0.507481 0.741110 0.558369 0.890382
0 0.543630 0.840385 0.479207 0.711538 0.425120 0.759615 0.489543 0.888462
0 0.704290 0.235610 0.663823 0.184652 0.590029 0.288832 0.630496 0.339791
0 0.209024 0.403127 0.159323 0.255865 0.108777 0.286192 0.158478 0.433455
0 0.193363 0.549717 0.095050 0.525883 0.086300 0.590050 0.184613 0.613883
