3 0.506558 0.445154 0.419178 0.440839 0.415593 0.569906 0.502973 0.574221
3 0.815024 0.493590 0.780168 0.423878 0.709495 0.486699 0.744351 0.556410
3 0.462574 0.852525 0.449081 0.771569 0.356268 0.799069 0.369761 0.880025
3 0.811178 0.794231 0.776082 0.724038 0.737500 0.758333 0.772596 0.828526
1 0.791242 0.879047 0.771860 0.791182 0.738699 0.804187 0.758081 0.892051
1 0.560569 0.789630 0.535463 0.736072 0.470435 0.790262 0.495541 0.843820
1 0.772056 0.551015 0.706866 0.518823 0.692184 0.571680 0.757373 0.603873
1 0.792791 0.604928 0.734084 0.598405 0.730571 0.654612 0.789278 0.661135
1 0.891090 0.903716 0.885853 0.861824 0.829096 0.874437 0.834333 0.916329
1 0.741029 0.572574 0.670717 0.551740 0.662151 0.603137 0.732463 0.623971
2 0.889062 0.818750 0.834375 0.818750 0.834375 0.866667 0.889062 0.866667
2 0.229816 0.806455 0.162357 0.767104 0.141844 0.829617 0.209303 0.868969
2 0.268219 0.516274 0.248054 0.422170 0.201415 0.439937 0.221580 0.534041
2 0.839063 0.760417 0.800000 0.760417 0.800000 0.825000 0.839063 0.825000
3 0.499476 0.178376 0.411383 0.154074 0.399720 0.229233 0.487814 0.253535
