1 0.642953 0.404842 0.639515 0.326925 0.593351 0.330546 0.596789 0.408463
1 0.603062 0.411917 0.593562 0.323250 0.551781 0.331208 0.561281 0.419875
1 0.552043 0.369712 0.528005 0.321635 0.471034 0.372276 0.495072 0.420353
1 0.504687 0.516667 0.441331 0.484989 0.426819 0.536587 0.490176 0.568265
1 0.676111 0.488230 0.656717 0.430047 0.584955 0.472573 0.604349 0.530756
2 0.507861 0.432179 0.470673 0.403846 0.435577 0.485737 0.472764 0.514071
2 0.547102 0.453649 0.513488 0.427504 0.481582 0.500432 0.515196 0.526576
2 0.569975 0.554786 0.563349 0.498834 0.504535 0.511216 0.511161 0.567168
2 0.643893 0.564348 0.594776 0.511137 0.569349 0.552863 0.618467 0.606074
2 0.606216 0.590687 0.555954 0.541948 0.531968 0.585923 0.582230 0.634662
0 0.662456 0.491457 0.628710 0.482887 0.615690 0.574024 0.649436 0.582595
0 0.516814 0.621410 0.511971 0.534234 0.480086 0.537383 0.484929 0.624559
0 0.635930 0.416982 0.600710 0.391695 0.569252 0.469591 0.604472 0.494878
0 0.588281 0.455208 0.563281 0.421875 0.514844 0.486458 0.539844 0.519792
0 0.568750 0.393750 0.509375 0.393750 0.509375 0.433333 0.568750 0.433333
