1 0.550269 0.331028 0.546644 0.277869 0.484375 0.285417 0.487999 0.338576
1 0.617018 0.346646 0.571936 0.320348 0.548842 0.390731 0.593924 0.417029
1 0.690174 0.519474 0.628271 0.492771 0.619347 0.529547 0.681250 0.556250
1 0.699656 0.626529 0.679788 0.577332 0.619409 0.620680 0.639278 0.669878
1 0.711298 0.683654 0.662452 0.675513 0.652380 0.782949 0.701226 0.791090
2 0.532154 0.210351 0.506636 0.174780 0.455408 0.240114 0.480926 0.275685
2 0.561348 0.250853 0.538230 0.215163 0.487461 0.273624 0.510579 0.309315
2 0.578262 0.334652 0.553330 0.298853 0.504846 0.358881 0.529777 0.394680
2 0.654375 0.482500 0.636562 0.435000 0.587187 0.467917 0.605000 0.515417
2 0.711074 0.655914 0.687878 0.611731 0.636808 0.659396 0.660004 0.703579
0 0.583818 0.405451 0.525086 0.376084 0.513399 0.417637 0.572132 0.447003
0 0.624375 0.420417 0.595628 0.396209 0.557311 0.477100 0.586058 0.501308
0 0.648377 0.523317 0.590986 0.508013 0.584375 0.552083 0.641767 0.567388
0 0.679245 0.579278 0.667264 0.544665 0.605137 0.582896 0.617119 0.617510
0 0.766209 0.759182 0.717370 0.688145 0.686309 0.726108 0.735147 0.797146
