3 0.761516 0.245598 0.728562 0.147382 0.649967 0.194263 0.682921 0.292479
3 0.834375 0.506250 0.770312 0.506250 0.770312 0.633333 0.834375 0.633333
3 0.847064 0.751139 0.808608 0.731200 0.776030 0.842895 0.814486 0.862835
3 0.831218 0.900155 0.806890 0.842489 0.740273 0.892452 0.764600 0.950117
2 0.775305 0.867175 0.743902 0.814837 0.680069 0.882927 0.711471 0.935264
2 0.775517 0.434290 0.753386 0.339865 0.708369 0.358622 0.730499 0.453047
2 0.822555 0.644877 0.767463 0.628554 0.759301 0.677525 0.814393 0.693848
2 0.698222 0.563865 0.680226 0.503879 0.621767 0.535057 0.639763 0.595043
1 0.752033 0.488416 0.712500 0.389583 0.671707 0.418591 0.711240 0.517424
1 0.857655 0.420549 0.786607 0.406196 0.779944 0.464825 0.850993 0.479178
1 0.789978 0.593481 0.732522 0.519820 0.700785 0.563828 0.758241 0.637489
1 0.793094 0.808458 0.780375 0.689750 0.727875 0.699750 0.740594 0.818458
1 0.738577 0.747890 0.691723 0.715892 0.652802 0.817209 0.699657 0.849207
0 0.799946 0.509195 0.774828 0.479425 0.732931 0.542270 0.758050 0.572040
0 0.780562 0.466218 0.777518 0.424272 0.720841 0.431585 0.723885 0.473531
0 0.747221 0.632670 0.686760 0.627295 0.683843 0.685647 0.744303 0.691021
