3 0.919314 0.311793 0.829050 0.234424 0.792701 0.309815 0.882965 0.387184
3 0.629687 0.343750 0.573438 0.343750 0.573438 0.418750 0.629687 0.418750
3 0.416735 0.308689 0.341317 0.260143 0.325791 0.303024 0.401210 0.351569
3 0.364861 0.110614 0.329231 0.093339 0.312489 0.154729 0.348118 0.172004
1 0.340206 0.263720 0.334604 0.196494 0.263434 0.207038 0.269036 0.274263
1 0.404123 0.359762 0.342479 0.297295 0.308908 0.356193 0.370552 0.418659
1 0.562188 0.361667 0.555916 0.261322 0.509494 0.266480 0.515765 0.366825
1 0.689412 0.427279 0.648493 0.363627 0.615680 0.401127 0.656599 0.464779
1 0.698897 0.455882 0.630515 0.433088 0.620037 0.488971 0.688419 0.511765
3 0.622969 0.562292 0.612125 0.461083 0.576688 0.467833 0.587531 0.569042
0 0.736433 0.563764 0.711261 0.526006 0.663933 0.582098 0.689106 0.619856
0 0.868033 0.655074 0.804035 0.600772 0.781710 0.647549 0.845708 0.701850
0 0.810259 0.701279 0.759343 0.640934 0.743739 0.664339 0.794655 0.724684
0 0.792220 0.726351 0.743427 0.653161 0.714138 0.687874 0.762931 0.761063
0 0.653888 0.751973 0.573551 0.740892 0.568748 0.802801 0.649085 0.813882
