1 0.851923 0.258654 0.839543 0.176122 0.801983 0.186138 0.814363 0.268670
2 0.902809 0.195916 0.847947 0.192259 0.846283 0.236627 0.901146 0.240285
2 0.911909 0.345270 0.906757 0.304054 0.852027 0.316216 0.857179 0.357432
2 0.388741 0.686826 0.337960 0.681618 0.332665 0.773382 0.383447 0.778591
2 0.450843 0.750203 0.446764 0.668621 0.403830 0.672437 0.407909 0.754019
1 0.182563 0.897667 0.137563 0.852667 0.086188 0.944000 0.131188 0.989000
2 0.381250 0.783333 0.310938 0.783333 0.310938 0.845833 0.381250 0.845833
1 0.859025 0.610900 0.842803 0.536740 0.805542 0.551230 0.821765 0.625390
1 0.688239 0.379870 0.655870 0.349043 0.615646 0.424127 0.648015 0.454955
3 0.839314 0.328985 0.780065 0.273686 0.743729 0.342897 0.802978 0.398196
3 0.759375 0.502083 0.690625 0.502083 0.690625 0.616667 0.759375 0.616667
3 0.392557 0.628773 0.343331 0.566999 0.282735 0.652844 0.331961 0.714618
0 0.325869 0.795969 0.320614 0.694369 0.282058 0.697914 0.287313 0.799514
0 0.276008 0.762421 0.273421 0.703800 0.196573 0.709828 0.199159 0.768448
0 0.248964 0.801918 0.205981 0.799189 0.202344 0.901042 0.245327 0.903771
0 0.672668 0.639444 0.665574 0.595939 0.615625 0.610417 0.622718 0.653922
