1 0.809419 0.490606 0.793989 0.424770 0.707601 0.460765 0.723032 0.526601
1 0.707812 0.195833 0.643750 0.195833 0.643750 0.306250 0.707812 0.306250
1 0.477532 0.778233 0.458675 0.715374 0.381897 0.756322 0.400754 0.819181
1 0.942052 0.692346 0.852294 0.670300 0.842712 0.739657 0.932470 0.761703
2 0.308875 0.337000 0.228625 0.256750 0.191125 0.323417 0.271375 0.403667
2 0.278050 0.530397 0.240500 0.471496 0.177184 0.543254 0.214734 0.602156
2 0.534693 0.378986 0.454033 0.358821 0.442146 0.443349 0.522807 0.463514
2 0.682262 0.683840 0.680119 0.620997 0.597832 0.625984 0.599974 0.688827
2 0.790700 0.878088 0.735242 0.808766 0.698502 0.861019 0.753960 0.930340
2 0.354370 0.807615 0.313005 0.804551 0.308827 0.904821 0.350192 0.907885
3 0.268773 0.888123 0.266135 0.817778 0.162332 0.824699 0.164970 0.895044
3 0.445300 0.663692 0.440232 0.584866 0.345394 0.595705 0.350461 0.674531
3 0.919110 0.441206 0.892644 0.343745 0.783061 0.396648 0.809526 0.494108
3 0.991562 0.295417 0.950313 0.267917 0.901250 0.398750 0.942500 0.426250
3 0.937500 0.164583 0.851562 0.164583 0.851562 0.304167 0.937500 0.304167
