3 0.482256 0.571741 0.473468 0.454579 0.398283 0.464604 0.407070 0.581766
3 0.541923 0.563846 0.533077 0.469487 0.493269 0.476122 0.502115 0.570481
3 0.607031 0.498958 0.579688 0.462500 0.526563 0.533333 0.553906 0.569792
3 0.479797 0.592615 0.453278 0.559220 0.408603 0.622291 0.435122 0.655686
3 0.519570 0.612022 0.487910 0.576844 0.449232 0.638730 0.480891 0.673907
0 0.549322 0.814623 0.537329 0.729340 0.495348 0.739835 0.507341 0.825118
0 0.468873 0.694429 0.437272 0.627013 0.406232 0.652879 0.437834 0.720295
0 0.531250 0.687500 0.476562 0.687500 0.476562 0.733333 0.531250 0.733333
0 0.485938 0.718750 0.451562 0.718750 0.451562 0.800000 0.485938 0.800000
0 0.510938 0.650000 0.464062 0.650000 0.464062 0.689583 0.510938 0.689583
1 0.653448 0.546839 0.614386 0.526006 0.592403 0.599282 0.631466 0.620115
1 0.580649 0.681410 0.525120 0.632051 0.500601 0.681090 0.556130 0.730449
1 0.612500 0.556250 0.587500 0.522917 0.539844 0.586458 0.564844 0.619792
1 0.575781 0.644792 0.532031 0.586458 0.505469 0.621875 0.549219 0.680208
1 0.625781 0.628125 0.600000 0.593750 0.557813 0.650000 0.583594 0.684375
