1 0.260510 0.369440 0.217337 0.263907 0.174094 0.295356 0.217267 0.400889
1 0.204048 0.936132 0.184631 0.838329 0.142243 0.853289 0.161660 0.951093
1 0.936738 0.415575 0.918015 0.337563 0.877422 0.354883 0.896145 0.432895
2 0.293750 0.300000 0.242188 0.300000 0.242188 0.379167 0.293750 0.379167
2 0.272155 0.824527 0.237249 0.787784 0.195494 0.858305 0.230399 0.895048
2 0.298221 0.812295 0.258887 0.804227 0.247868 0.899723 0.287202 0.907791
2 0.354687 0.316667 0.293750 0.316667 0.293750 0.379167 0.354687 0.379167
3 0.348187 0.296367 0.319028 0.185287 0.205373 0.238326 0.234532 0.349406
3 0.912927 0.249084 0.830561 0.200762 0.795103 0.308210 0.877469 0.356532
3 0.798017 0.345359 0.753905 0.248733 0.701313 0.291417 0.745425 0.388043
3 0.878777 0.855913 0.853571 0.800460 0.780885 0.859197 0.806090 0.914649
0 0.822656 0.788542 0.800781 0.759375 0.763281 0.809375 0.785156 0.838542
0 0.848508 0.796950 0.801811 0.783842 0.792610 0.842114 0.839307 0.855222
0 0.263610 0.914478 0.245869 0.874560 0.185222 0.922479 0.202963 0.962396
0 0.214172 0.885337 0.175717 0.791335 0.147472 0.811876 0.185928 0.905878
