0 0.210313 0.832917 0.162813 0.801250 0.146250 0.845417 0.193750 0.877083
0 0.939858 0.717456 0.915782 0.704080 0.893870 0.774199 0.917946 0.787574
0 0.867726 0.746729 0.862799 0.690885 0.799883 0.700754 0.804810 0.756598
1 0.859375 0.650000 0.789062 0.650000 0.789062 0.704167 0.859375 0.704167
1 0.404880 0.239551 0.398558 0.172115 0.317981 0.185545 0.324303 0.252981
2 0.354062 0.424583 0.318005 0.340449 0.276779 0.371859 0.312837 0.455994
2 0.385188 0.408447 0.362971 0.329452 0.327697 0.347089 0.349914 0.426084
2 0.437588 0.329796 0.394664 0.313443 0.379334 0.384984 0.422258 0.401336
2 0.920522 0.718696 0.888981 0.664026 0.854926 0.698954 0.886466 0.753625
2 0.888038 0.668306 0.868888 0.609945 0.830200 0.632514 0.849349 0.690874
3 0.922689 0.757575 0.903797 0.700204 0.811342 0.754326 0.830233 0.811698
3 0.318796 0.461213 0.278401 0.371446 0.229687 0.410417 0.270083 0.500184
3 0.463232 0.241297 0.402326 0.193310 0.361887 0.284555 0.422794 0.332542
0 0.368100 0.274770 0.337792 0.231666 0.287429 0.294621 0.317736 0.337725
0 0.385852 0.325782 0.377283 0.284981 0.312488 0.309171 0.321057 0.349972
