2 0.160488 0.729652 0.110691 0.699472 0.093675 0.749386 0.143472 0.779566
2 0.240413 0.721144 0.237210 0.631467 0.195860 0.634092 0.199063 0.723770
2 0.205412 0.642022 0.174352 0.608892 0.142492 0.661992 0.173552 0.695122
2 0.760042 0.458003 0.751353 0.353735 0.709337 0.359959 0.718026 0.464228
2 0.678033 0.397426 0.658180 0.291544 0.614430 0.306127 0.634283 0.412010
0 0.808975 0.436650 0.796175 0.342783 0.757950 0.352050 0.770750 0.445917
0 0.739558 0.319055 0.692492 0.290091 0.662309 0.377287 0.709375 0.406250
0 0.859602 0.285254 0.817132 0.237688 0.761695 0.325682 0.804166 0.373249
0 0.170846 0.686016 0.117283 0.646737 0.100822 0.686644 0.154385 0.725924
0 0.128744 0.784899 0.104151 0.706201 0.074307 0.722781 0.098900 0.801479
3 0.217231 0.718811 0.190625 0.681250 0.145203 0.738448 0.171809 0.776009
3 0.721256 0.418514 0.665634 0.367771 0.632827 0.431702 0.688449 0.482445
3 0.773438 0.231250 0.701562 0.231250 0.701562 0.347917 0.773438 0.347917
3 0.861751 0.233447 0.847945 0.184361 0.755479 0.230594 0.769285 0.279680
3 0.893313 0.206167 0.853063 0.198500 0.837781 0.341125 0.878031 0.348792
