0 0.753865 0.880269 0.751668 0.827538 0.681486 0.832737 0.683683 0.885468
0 0.766250 0.792083 0.700000 0.747917 0.682188 0.795417 0.748437 0.839583
0 0.773125 0.636250 0.728750 0.606667 0.709375 0.658333 0.753750 0.687917
0 0.812417 0.599576 0.793750 0.597917 0.790044 0.672032 0.808711 0.673691
0 0.931250 0.110417 0.906250 0.110417 0.906250 0.185417 0.931250 0.185417
3 0.925219 0.218286 0.861670 0.177287 0.832008 0.259024 0.895556 0.300023
3 0.855529 0.601442 0.811945 0.516915 0.771162 0.554299 0.814746 0.638826
3 0.801490 0.742656 0.794541 0.637652 0.754960 0.642309 0.761909 0.747312
3 0.876082 0.436378 0.800721 0.369391 0.753125 0.464583 0.828486 0.531571
2 0.890500 0.336583 0.853531 0.329542 0.843156 0.426375 0.880125 0.433417
2 0.854760 0.346360 0.796978 0.341545 0.794510 0.394204 0.852292 0.399019
2 0.801082 0.617788 0.763101 0.541827 0.725962 0.574840 0.763942 0.650801
2 0.809062 0.490833 0.759844 0.468958 0.740312 0.547083 0.789531 0.568958
2 0.784257 0.736186 0.729949 0.679292 0.698773 0.732196 0.753081 0.789090
2 0.890938 0.302917 0.870625 0.248750 0.799375 0.296250 0.819688 0.350417
2 0.934953 0.185456 0.878886 0.146789 0.861121 0.192583 0.917188 0.231250
