3 0.915625 0.497917 0.877344 0.446875 0.820312 0.522917 0.858594 0.573958
3 0.340852 0.385856 0.259366 0.365842 0.241483 0.495277 0.322970 0.515291
3 0.916729 0.761469 0.906362 0.643978 0.837372 0.654799 0.847739 0.772291
3 0.372332 0.363262 0.340015 0.309400 0.278277 0.375254 0.310595 0.429116
0 0.366211 0.232861 0.294146 0.215067 0.286727 0.268482 0.358793 0.286276
2 0.903365 0.407853 0.895553 0.355769 0.837560 0.371234 0.845373 0.423317
2 0.343775 0.296635 0.318612 0.261320 0.268801 0.324414 0.293964 0.359730
2 0.341005 0.578209 0.305608 0.543885 0.266959 0.614741 0.302356 0.649065
2 0.929062 0.589167 0.912969 0.524792 0.873125 0.542500 0.889219 0.606875
2 0.927270 0.449342 0.920586 0.408345 0.866745 0.423951 0.873429 0.464948
1 0.369187 0.489500 0.334937 0.455250 0.291250 0.532917 0.325500 0.567167
1 0.310439 0.527721 0.271156 0.500154 0.237127 0.586361 0.276410 0.613928
1 0.303687 0.621642 0.253954 0.617121 0.247951 0.734520 0.297684 0.739041
0 0.934062 0.692500 0.913438 0.610000 0.889531 0.620625 0.910156 0.703125
0 0.876563 0.858333 0.835156 0.803125 0.814063 0.831250 0.855469 0.886458
0 0.908443 0.620899 0.857103 0.567114 0.835415 0.603917 0.886756 0.657702
