1 0.526488 0.949796 0.490503 0.850836 0.439439 0.883848 0.475424 0.982807
3 0.453438 0.792917 0.379063 0.743333 0.352188 0.815000 0.426563 0.864583
3 0.803718 0.719211 0.761724 0.612825 0.720123 0.642019 0.762117 0.748405
3 0.353194 0.773736 0.330478 0.700179 0.298336 0.717825 0.321052 0.791383
3 0.690617 0.603425 0.669947 0.474807 0.530160 0.514746 0.550831 0.643364
3 0.578125 0.610417 0.487500 0.610417 0.487500 0.677083 0.578125 0.677083
3 0.484375 0.645833 0.433594 0.578125 0.369531 0.663542 0.420312 0.731250
2 0.310937 0.177083 0.259375 0.177083 0.259375 0.287500 0.310937 0.287500
3 0.356434 0.098897 0.255680 0.069044 0.239614 0.165441 0.340368 0.195294
2 0.523377 0.872516 0.507272 0.765144 0.462800 0.777003 0.478906 0.884375
