3 0.885156 0.919792 0.825000 0.839583 0.780469 0.898958 0.840625 0.979167
3 0.561183 0.648148 0.505420 0.595665 0.460602 0.680321 0.516365 0.732804
3 0.214062 0.285417 0.146875 0.285417 0.146875 0.356250 0.214062 0.356250
3 0.285156 0.438542 0.259375 0.404167 0.210156 0.469792 0.235938 0.504167
3 0.639386 0.596911 0.617726 0.524713 0.534752 0.568966 0.556412 0.641164
3 0.436298 0.550321 0.420793 0.446955 0.383534 0.456891 0.399038 0.560256
3 0.615625 0.777083 0.534375 0.777083 0.534375 0.895833 0.615625 0.895833
3 0.509832 0.842212 0.473870 0.758301 0.442067 0.782532 0.478029 0.866442
3 0.716875 0.576250 0.694687 0.517083 0.654687 0.543750 0.676875 0.602917
0 0.717031 0.691042 0.703437 0.636667 0.633125 0.667917 0.646719 0.722292
1 0.506250 0.541667 0.464062 0.541667 0.464062 0.631250 0.506250 0.631250
2 0.393306 0.572114 0.356178 0.557263 0.337987 0.638112 0.375115 0.652963
