1 0.253061 0.913439 0.194595 0.906352 0.190266 0.969843 0.248732 0.976930
1 0.549105 0.715288 0.529415 0.670859 0.467877 0.719343 0.487567 0.763773
3 0.144988 0.581722 0.111453 0.501238 0.078552 0.525609 0.112087 0.606093
3 0.324164 0.600536 0.276024 0.583420 0.256730 0.679893 0.304869 0.697009
3 0.904418 0.401940 0.821175 0.357543 0.803718 0.415733 0.886961 0.460129
3 0.171318 0.753259 0.096442 0.743276 0.087778 0.858787 0.162655 0.868771
3 0.329421 0.547880 0.290699 0.515025 0.264642 0.569620 0.303364 0.602475
3 0.771875 0.218750 0.731250 0.218750 0.731250 0.327083 0.771875 0.327083
3 0.892188 0.262500 0.787500 0.262500 0.787500 0.335417 0.892188 0.335417
0 0.251972 0.483094 0.223847 0.451844 0.182095 0.518648 0.210220 0.549898
0 0.558303 0.659611 0.543796 0.606417 0.476175 0.639203 0.490682 0.692397
3 0.909953 0.156379 0.815759 0.132266 0.797358 0.260055 0.891552 0.284168
