3 0.966434 0.209606 0.926039 0.106030 0.883287 0.135671 0.923682 0.239247
3 0.310938 0.566667 0.280469 0.526042 0.246094 0.571875 0.276562 0.612500
3 0.823257 0.885934 0.813394 0.800458 0.764902 0.810405 0.774765 0.895882
3 0.974590 0.717685 0.915639 0.646229 0.861906 0.725038 0.920857 0.796493
3 0.290125 0.683833 0.255813 0.622833 0.208313 0.670333 0.242625 0.731333
3 0.620313 0.406250 0.539062 0.406250 0.539062 0.470833 0.620313 0.470833
3 0.170192 0.634615 0.137740 0.605769 0.090865 0.699519 0.123317 0.728365
3 0.459375 0.241667 0.417187 0.241667 0.417187 0.318750 0.459375 0.318750
3 0.601563 0.847917 0.542188 0.768750 0.502344 0.821875 0.561719 0.901042
3 0.351563 0.777083 0.275000 0.777083 0.275000 0.827083 0.351563 0.827083
3 0.517719 0.272125 0.461719 0.261458 0.447781 0.391542 0.503781 0.402208
3 0.240625 0.781250 0.173438 0.781250 0.173438 0.854167 0.240625 0.854167
