1 0.780253 0.466990 0.705765 0.424425 0.686692 0.483764 0.761180 0.526329
1 0.508101 0.819423 0.482716 0.760192 0.421971 0.806474 0.447356 0.865705
3 0.720313 0.645833 0.654688 0.558333 0.594531 0.638542 0.660156 0.726042
3 0.760866 0.787449 0.721883 0.759932 0.691744 0.835839 0.730726 0.863356
3 0.661566 0.502871 0.574104 0.489914 0.567111 0.573831 0.654573 0.586789
3 0.498437 0.668750 0.412500 0.668750 0.412500 0.754167 0.498437 0.754167
3 0.529687 0.572917 0.482812 0.572917 0.482812 0.670833 0.529687 0.670833
3 0.732651 0.361942 0.684810 0.333591 0.650918 0.435266 0.698760 0.463617
3 0.599866 0.692444 0.597410 0.630226 0.547548 0.633725 0.550004 0.695943
3 0.577839 0.704603 0.543529 0.702614 0.540168 0.805680 0.574478 0.807669
3 0.605625 0.835833 0.558956 0.807114 0.523468 0.909634 0.570137 0.938354
0 0.982812 0.450000 0.917188 0.450000 0.917188 0.500000 0.982812 0.500000
2 0.551024 0.746121 0.523653 0.654885 0.483244 0.676437 0.510614 0.767672
