3 0.128750 0.489167 0.069375 0.330833 0.000000 0.383333 0.050000 0.541667
3 0.984039 0.718640 0.954334 0.675432 0.873532 0.774190 0.903237 0.817398
3 0.261121 0.840975 0.142749 0.813122 0.131108 0.901070 0.249481 0.928922
3 0.304531 0.469230 0.255750 0.419199 0.173269 0.562167 0.222049 0.612198
3 0.707572 0.634936 0.666466 0.552724 0.537740 0.667147 0.578846 0.749359
3 0.791716 0.350118 0.695342 0.313404 0.673762 0.414112 0.770136 0.450825
3 0.460937 0.156250 0.386719 0.096875 0.339154 0.202574 0.413373 0.261949
3 0.527754 0.473700 0.432147 0.460953 0.423205 0.580177 0.518812 0.592925
3 0.539062 0.722917 0.422656 0.567708 0.381250 0.622917 0.497656 0.778125
3 0.745959 0.908405 0.697899 0.748204 0.562392 0.820474 0.610453 0.980675
