3 0.935937 0.681250 0.873437 0.681250 0.873437 0.768750 0.935937 0.768750
3 0.618750 0.695833 0.573438 0.695833 0.573438 0.797917 0.618750 0.797917
3 0.975000 0.710417 0.943980 0.685600 0.895726 0.792831 0.926746 0.817647
3 0.872066 0.539380 0.827248 0.464685 0.725495 0.573222 0.770312 0.647917
3 0.646075 0.455437 0.626959 0.336494 0.516517 0.368049 0.535633 0.486992
3 0.776563 0.683333 0.721875 0.683333 0.721875 0.793750 0.776563 0.793750
3 0.754850 0.410507 0.688087 0.307794 0.586247 0.425476 0.653010 0.528188
3 0.921232 0.675735 0.908824 0.609559 0.814706 0.640931 0.827114 0.707108
0 1.000000 0.643874 0.978727 0.591074 0.905211 0.643855 0.926534 0.696655
0 0.892744 0.219573 0.849345 0.192866 0.807591 0.313486 0.850991 0.340193
