3 0.898566 0.268603 0.864816 0.216103 0.812316 0.276103 0.846066 0.328603
3 0.271600 0.210350 0.236106 0.141992 0.186706 0.187592 0.222200 0.255950
3 0.390754 0.695170 0.368237 0.593093 0.333639 0.606661 0.356155 0.708738
3 0.535937 0.516667 0.457813 0.516667 0.457813 0.577083 0.535937 0.577083
3 0.148976 0.491954 0.112069 0.472270 0.083944 0.566020 0.120851 0.585704
3 0.500184 0.692647 0.484835 0.610784 0.451379 0.621936 0.466728 0.703799
3 0.346250 0.317083 0.322813 0.254583 0.257812 0.297917 0.281250 0.360417
3 0.220000 0.477917 0.167688 0.384917 0.116938 0.435667 0.169250 0.528667
3 0.598633 0.453002 0.560842 0.346299 0.504947 0.381492 0.542738 0.488195
3 0.678125 0.902083 0.645312 0.858333 0.618750 0.893750 0.651563 0.937500
3 0.613046 0.765076 0.535575 0.710710 0.500597 0.799322 0.578067 0.853688
3 0.605894 0.944310 0.602856 0.895690 0.532640 0.903491 0.535679 0.952112
3 0.483594 0.355208 0.427344 0.280208 0.394531 0.323958 0.450781 0.398958
3 0.279031 0.375125 0.267219 0.264875 0.176000 0.282250 0.187812 0.392500
