3 0.516716 0.826965 0.483166 0.670401 0.426828 0.691863 0.460377 0.848428
3 0.935937 0.864583 0.868750 0.864583 0.868750 0.945833 0.935937 0.945833
3 0.961824 0.488739 0.919489 0.409713 0.889928 0.437866 0.932264 0.516892
3 0.420313 0.493750 0.389063 0.452083 0.327344 0.534375 0.358594 0.576042
3 0.441035 0.441206 0.435615 0.350868 0.396055 0.355087 0.401476 0.445426
3 0.584481 0.700197 0.544679 0.625901 0.515118 0.654054 0.554920 0.728350
3 0.965625 0.322917 0.931250 0.322917 0.931250 0.422917 0.965625 0.422917
3 0.684375 0.791667 0.630469 0.719792 0.571875 0.797917 0.625781 0.869792
3 0.495312 0.179167 0.454688 0.179167 0.454688 0.304167 0.495312 0.304167
3 0.376012 0.348350 0.360061 0.210116 0.266718 0.229263 0.282668 0.367498
