2 0.303125 0.456250 0.214531 0.416875 0.198594 0.480625 0.287188 0.520000
2 0.681250 0.822917 0.650781 0.782292 0.603125 0.845833 0.633594 0.886458
1 0.951855 0.099473 0.917806 0.065918 0.874163 0.144646 0.908212 0.178201
3 0.601415 0.552549 0.521838 0.544387 0.518888 0.595527 0.598465 0.603689
3 0.690819 0.861076 0.671660 0.827670 0.604384 0.896265 0.623543 0.929672
3 0.328302 0.536675 0.241627 0.503656 0.226061 0.576297 0.312736 0.609316
3 0.703125 0.468750 0.634375 0.468750 0.634375 0.575000 0.703125 0.575000
3 0.386418 0.282212 0.337620 0.184615 0.299399 0.218590 0.348197 0.316186
3 0.219946 0.510445 0.185517 0.469641 0.126638 0.557960 0.161067 0.598764
3 0.616483 0.662645 0.608282 0.591570 0.530789 0.607466 0.538990 0.678540
3 0.516363 0.273117 0.438444 0.201192 0.377131 0.319275 0.455050 0.391200
1 0.617599 0.852713 0.598662 0.755323 0.559240 0.768951 0.578177 0.866340
