0 0.290937 0.377917 0.250938 0.271250 0.209063 0.299167 0.249063 0.405833
0 0.815000 0.472500 0.778125 0.447917 0.746563 0.532083 0.783438 0.556667
0 0.600369 0.409450 0.561386 0.389237 0.533412 0.485149 0.572394 0.505362
0 0.591845 0.520884 0.557927 0.484705 0.511890 0.561433 0.545808 0.597612
0 0.517188 0.497917 0.478125 0.497917 0.478125 0.593750 0.517188 0.593750
0 0.599531 0.610625 0.587969 0.564375 0.518594 0.595208 0.530156 0.641458
0 0.640937 0.495000 0.602812 0.469583 0.570625 0.555417 0.608750 0.580833
0 0.659375 0.320833 0.614062 0.320833 0.614062 0.418750 0.659375 0.418750
0 0.649375 0.105833 0.609375 0.079167 0.573438 0.175000 0.613438 0.201667
0 0.448437 0.343750 0.406250 0.343750 0.406250 0.445833 0.448437 0.445833
