1 0.187658 0.639708 0.132858 0.596532 0.090180 0.692831 0.144980 0.736007
3 1.000000 0.731503 0.968741 0.675219 0.882243 0.779017 0.920235 0.835302
3 0.954264 0.732993 0.928895 0.641179 0.833316 0.688130 0.858685 0.779944
0 0.938582 0.832372 0.861010 0.773269 0.837260 0.828686 0.914832 0.887788
0 0.256019 0.704929 0.180241 0.698614 0.177876 0.749068 0.253654 0.755383
0 0.745742 0.655088 0.668419 0.575782 0.634439 0.634681 0.711762 0.713987
0 0.190998 0.792099 0.171995 0.699199 0.127704 0.715304 0.146707 0.808205
0 0.865625 0.693750 0.766250 0.627500 0.740000 0.697500 0.839375 0.763750
0 0.865226 0.761577 0.771399 0.717423 0.759168 0.763628 0.852995 0.807782
0 0.801562 0.795833 0.747656 0.723958 0.714844 0.767708 0.768750 0.839583
0 0.248856 0.667567 0.201794 0.587704 0.163358 0.627971 0.210420 0.707834
