0 0.114062 0.779167 0.109111 0.726346 0.053341 0.735641 0.058293 0.788462
0 0.200781 0.859375 0.175000 0.825000 0.135938 0.877083 0.161719 0.911458
0 0.344274 0.203664 0.304945 0.170294 0.266921 0.249963 0.306250 0.283333
0 0.590047 0.424931 0.557329 0.385670 0.503488 0.465435 0.536205 0.504696
0 0.504466 0.516925 0.454231 0.440376 0.424143 0.475479 0.474378 0.552028
0 0.561514 0.368013 0.537476 0.311923 0.467812 0.365000 0.491851 0.421090
0 0.284442 0.367135 0.212010 0.361769 0.209654 0.418308 0.282087 0.423673
0 0.675000 0.347917 0.596875 0.347917 0.596875 0.410417 0.675000 0.410417
2 0.618750 0.270833 0.535937 0.270833 0.535937 0.339583 0.618750 0.339583
2 0.516875 0.474167 0.484375 0.387500 0.440625 0.416667 0.473125 0.503333
