1 0.315566 0.483883 0.301707 0.395599 0.199708 0.424064 0.213566 0.512348
0 0.574219 0.686458 0.510938 0.602083 0.476563 0.647917 0.539844 0.732292
0 0.923438 0.718750 0.826562 0.718750 0.826562 0.772917 0.923438 0.772917
0 0.250938 0.860833 0.226875 0.796667 0.159375 0.841667 0.183438 0.905833
0 0.119651 0.273157 0.054447 0.255769 0.034675 0.387580 0.099880 0.404968
0 0.337500 0.664583 0.289063 0.664583 0.289063 0.760417 0.337500 0.760417
0 0.644669 0.690931 0.567849 0.603137 0.533327 0.656838 0.610147 0.744632
0 0.703125 0.604167 0.634375 0.604167 0.634375 0.737500 0.703125 0.737500
0 0.846875 0.662500 0.767188 0.662500 0.767188 0.756250 0.846875 0.756250
2 0.808944 0.693446 0.789890 0.610878 0.687779 0.652770 0.706833 0.735338
2 0.777945 0.778285 0.763413 0.707244 0.672320 0.740369 0.686851 0.811410
3 0.517697 0.656519 0.409870 0.648532 0.406966 0.718224 0.514793 0.726212
