0 0.322702 0.160662 0.282500 0.148750 0.266912 0.242279 0.307114 0.254191
0 0.942080 0.822557 0.908890 0.803592 0.882139 0.886818 0.915329 0.905783
0 0.205842 0.619400 0.145303 0.575372 0.128404 0.616680 0.188943 0.660709
0 0.236901 0.165325 0.201969 0.147860 0.181100 0.222061 0.216032 0.239526
0 0.448437 0.493750 0.407813 0.493750 0.407813 0.581250 0.448437 0.581250
0 0.813385 0.865616 0.785288 0.832836 0.742215 0.898470 0.770312 0.931250
0 0.754687 0.597917 0.707812 0.535417 0.680469 0.571875 0.727344 0.634375
0 0.686178 0.465064 0.650361 0.393429 0.619351 0.420994 0.655168 0.492628
0 0.657626 0.513223 0.629258 0.491159 0.599393 0.559424 0.627761 0.581487
0 0.387500 0.225000 0.359375 0.187500 0.311719 0.251042 0.339844 0.288542
0 0.554651 0.632676 0.517296 0.568638 0.491010 0.595897 0.528365 0.659936
0 0.637919 0.365803 0.615968 0.329217 0.566044 0.382470 0.587995 0.419055
0 0.723897 0.426716 0.673897 0.410049 0.667188 0.445833 0.717188 0.462500
0 0.693750 0.368750 0.618750 0.368750 0.618750 0.418750 0.693750 0.418750
