3 0.610655 0.616775 0.565084 0.511821 0.497270 0.564168 0.542842 0.669122
3 0.603209 0.765259 0.555173 0.719510 0.506926 0.809572 0.554962 0.855321
0 0.440625 0.535417 0.384375 0.535417 0.384375 0.583333 0.440625 0.583333
0 0.916598 0.654474 0.893289 0.617179 0.843955 0.671995 0.867264 0.709290
0 0.340625 0.758333 0.299219 0.703125 0.276562 0.733333 0.317969 0.788542
0 0.441723 0.299550 0.423378 0.220056 0.392196 0.232849 0.410541 0.312342
0 0.361652 0.434578 0.336220 0.403752 0.293870 0.465865 0.319301 0.496691
0 0.418750 0.379167 0.357812 0.379167 0.357812 0.431250 0.418750 0.431250
0 0.081816 0.571157 0.048815 0.552299 0.023842 0.629993 0.056843 0.648851
0 0.532813 0.625000 0.476562 0.625000 0.476562 0.670833 0.532813 0.670833
2 0.685250 0.800167 0.679325 0.756717 0.620475 0.770983 0.626400 0.814433
2 0.466937 0.709795 0.436733 0.635006 0.403003 0.659222 0.433207 0.734012
