1 0.816690 0.674539 0.769455 0.602563 0.685495 0.700516 0.732730 0.772493
1 0.322656 0.409375 0.199219 0.244792 0.135938 0.329167 0.259375 0.493750
1 0.169893 0.688720 0.098628 0.612703 0.023171 0.738465 0.094436 0.814482
1 0.275000 0.789583 0.139063 0.789583 0.139063 0.910417 0.275000 0.910417
1 0.191795 0.483904 0.032113 0.473765 0.028270 0.581358 0.187952 0.591497
1 0.763143 0.411152 0.720267 0.315870 0.610662 0.403554 0.653539 0.498836
1 0.363122 0.327677 0.286192 0.111133 0.192898 0.170056 0.269828 0.386600
1 0.930889 0.397596 0.842909 0.319391 0.793630 0.417949 0.881611 0.496154
1 0.518072 0.571838 0.481207 0.472043 0.347523 0.559836 0.384388 0.659631
1 0.457625 0.752417 0.447406 0.657042 0.310906 0.683042 0.321125 0.778417
1 0.771860 0.574879 0.682027 0.488885 0.639378 0.568090 0.729211 0.654084
