1 0.763114 0.565356 0.761937 0.511971 0.688701 0.514843 0.689878 0.568228
1 0.889009 0.863362 0.824892 0.826724 0.805819 0.886063 0.869935 0.922701
1 0.410884 0.636638 0.371013 0.615374 0.340841 0.715948 0.380711 0.737213
1 0.531250 0.595833 0.459375 0.595833 0.459375 0.662500 0.531250 0.662500
1 0.307452 0.787821 0.285817 0.744551 0.221274 0.801923 0.242909 0.845192
1 0.317600 0.508176 0.305336 0.450943 0.239711 0.475943 0.251975 0.533176
1 0.331939 0.653615 0.310018 0.604902 0.253952 0.649755 0.275873 0.698468
1 0.487966 0.476613 0.454893 0.438599 0.408210 0.510802 0.441283 0.548816
1 0.611312 0.326417 0.581812 0.296917 0.537000 0.376583 0.566500 0.406083
1 0.840117 0.438642 0.766831 0.431662 0.763745 0.489255 0.837032 0.496235
