1 0.420121 0.631350 0.411638 0.543697 0.361118 0.552388 0.369601 0.640042
1 0.669688 0.450466 0.623561 0.421524 0.585212 0.530182 0.631339 0.559124
1 0.509375 0.850000 0.457813 0.850000 0.457813 0.954167 0.509375 0.954167
1 0.109809 0.660203 0.041639 0.618252 0.021608 0.676118 0.089779 0.718069
1 0.495312 0.491667 0.415625 0.491667 0.415625 0.543750 0.495312 0.543750
1 0.761489 0.530025 0.750184 0.469730 0.677390 0.493995 0.688695 0.554289
1 0.370427 0.583910 0.324634 0.554434 0.292507 0.643165 0.338300 0.672641
1 0.839614 0.403309 0.786305 0.385539 0.765901 0.494363 0.819210 0.512132
3 0.682500 0.705417 0.666250 0.662083 0.599375 0.706667 0.615625 0.750000
3 0.265625 0.537500 0.209375 0.537500 0.209375 0.645833 0.265625 0.645833
