1 0.972793 0.280072 0.899197 0.245252 0.884170 0.301717 0.957766 0.336537
1 0.760752 0.370441 0.756606 0.315161 0.682658 0.325021 0.686804 0.380301
1 0.451094 0.875208 0.437344 0.820208 0.375000 0.847917 0.388750 0.902917
1 0.822592 0.883407 0.796562 0.842917 0.742647 0.904534 0.768676 0.945025
1 0.249298 0.810956 0.227710 0.745164 0.150251 0.790348 0.171839 0.856141
1 0.842888 0.573707 0.775539 0.537787 0.757435 0.598132 0.824784 0.634052
1 0.344531 0.488542 0.294531 0.421875 0.261719 0.465625 0.311719 0.532292
1 0.865926 0.449563 0.824829 0.422996 0.791874 0.513623 0.832970 0.540191
1 0.824531 0.814792 0.811563 0.762917 0.753437 0.788750 0.766406 0.840625
1 0.767996 0.662069 0.752909 0.611782 0.690409 0.645115 0.705496 0.695402
1 0.674678 0.475674 0.669246 0.381520 0.620616 0.386507 0.626048 0.480662
1 0.801615 0.615215 0.750031 0.568445 0.724602 0.618306 0.776186 0.665076
