1 0.824115 0.852760 0.758932 0.813510 0.740120 0.869051 0.805303 0.908301
1 0.422356 0.655288 0.372596 0.611058 0.348317 0.659615 0.398077 0.703846
1 0.990625 0.895833 0.951562 0.895833 0.951562 0.970833 0.990625 0.970833
1 0.567248 0.908734 0.554147 0.821394 0.517488 0.831170 0.530589 0.918510
1 0.100000 0.093750 0.037500 0.093750 0.037500 0.143750 0.100000 0.143750
1 0.639062 0.729167 0.590625 0.729167 0.590625 0.818750 0.639062 0.818750
1 0.943902 0.669840 0.868812 0.630399 0.853360 0.682699 0.928449 0.722140
1 0.757250 0.392750 0.719750 0.326083 0.680250 0.365583 0.717750 0.432250
3 0.177101 0.807530 0.137155 0.776200 0.103936 0.851494 0.143883 0.882825
2 0.360625 0.638750 0.331563 0.561250 0.299687 0.582500 0.328750 0.660000
2 0.762272 0.949930 0.733392 0.888319 0.707830 0.909621 0.736710 0.971231
