1 0.670978 0.451434 0.632249 0.408402 0.583453 0.486475 0.622182 0.529508
1 0.733297 0.899425 0.681843 0.871983 0.664278 0.930532 0.715733 0.957974
1 0.746875 0.570833 0.714844 0.528125 0.660156 0.601042 0.692187 0.643750
1 0.382001 0.344026 0.310092 0.257735 0.275673 0.308725 0.347583 0.395016
1 0.749940 0.712099 0.740204 0.647196 0.658774 0.668910 0.668510 0.733814
1 0.677335 0.855368 0.613768 0.819681 0.596033 0.875843 0.659599 0.911529
1 0.663206 0.694522 0.611360 0.621756 0.574279 0.668725 0.626125 0.741491
1 0.711738 0.399187 0.702344 0.286458 0.645236 0.294919 0.654630 0.407647
1 0.809279 0.468974 0.742812 0.418333 0.718101 0.475994 0.784567 0.526635
3 0.882812 0.689583 0.827344 0.615625 0.781250 0.677083 0.836719 0.751042
0 0.767284 0.931474 0.754303 0.901186 0.706346 0.937724 0.719327 0.968013
