3 0.785156 0.628125 0.708594 0.526042 0.659375 0.591667 0.735938 0.693750
2 0.568309 0.543186 0.557610 0.478995 0.472408 0.504240 0.483107 0.568431
2 0.547589 0.638379 0.545410 0.565745 0.468221 0.569862 0.470400 0.642495
2 0.741905 0.504432 0.733802 0.432406 0.643261 0.450514 0.651364 0.522540
1 0.245312 0.104167 0.151562 0.104167 0.151562 0.179167 0.245312 0.179167
1 0.364730 0.222816 0.309191 0.192647 0.277667 0.295816 0.333206 0.325985
1 0.497153 0.389588 0.465838 0.325061 0.395221 0.385986 0.426536 0.450513
1 0.538466 0.436539 0.504261 0.371104 0.424431 0.445289 0.458636 0.510724
1 0.812899 0.434577 0.808034 0.317808 0.740620 0.322801 0.745486 0.439571
1 0.935064 0.609865 0.903355 0.539400 0.815349 0.609804 0.847059 0.680270
1 0.636188 0.622701 0.621193 0.495241 0.558399 0.508374 0.573395 0.635834
1 0.311232 0.609709 0.260920 0.602829 0.252397 0.713629 0.302709 0.720509
