1 0.538255 0.443058 0.496829 0.410986 0.450472 0.517435 0.491898 0.549507
1 0.598887 0.877568 0.561712 0.824189 0.524255 0.870565 0.561430 0.923944
1 0.701904 0.631549 0.629106 0.620129 0.623080 0.688424 0.695878 0.699844
1 0.747834 0.844039 0.681916 0.797347 0.656750 0.860510 0.722668 0.907202
1 0.906611 0.683654 0.869111 0.650321 0.829207 0.730128 0.866707 0.763462
1 0.897299 0.652637 0.886227 0.556671 0.842549 0.565631 0.853622 0.661597
1 0.941232 0.624997 0.915346 0.529417 0.872227 0.550178 0.898113 0.645758
1 0.963200 0.257543 0.930614 0.218922 0.883028 0.290302 0.915614 0.328922
2 0.271703 0.538009 0.268256 0.423110 0.203172 0.426581 0.206619 0.541480
2 0.651138 0.690137 0.585621 0.676698 0.579353 0.731021 0.644870 0.744461
2 0.829483 0.900922 0.798745 0.851742 0.738806 0.918340 0.769544 0.967520
2 0.939344 0.789549 0.897080 0.742589 0.871849 0.782958 0.914114 0.829918
2 0.964063 0.570833 0.925000 0.570833 0.925000 0.647917 0.964063 0.647917
