1 0.600568 0.443537 0.572730 0.375853 0.500112 0.428950 0.527950 0.496633
1 0.663322 0.485381 0.591175 0.429525 0.560357 0.500290 0.632505 0.556146
1 0.762860 0.613893 0.717328 0.599883 0.700948 0.694522 0.746480 0.708532
1 0.599895 0.811089 0.540840 0.738405 0.503579 0.792226 0.562635 0.864909
1 0.521766 0.849749 0.518379 0.777505 0.434819 0.784468 0.438205 0.856712
1 0.601562 0.866667 0.531250 0.866667 0.531250 0.929167 0.601562 0.929167
2 0.693144 0.601438 0.648441 0.562871 0.605011 0.652363 0.649714 0.690930
2 0.700060 0.741114 0.667947 0.702578 0.619467 0.774401 0.651580 0.812937
2 0.639272 0.856682 0.632832 0.779395 0.597504 0.784629 0.603944 0.861916
2 0.807252 0.763011 0.792217 0.692846 0.746197 0.710377 0.761232 0.780542
2 0.898490 0.618465 0.863571 0.589059 0.826108 0.668148 0.861027 0.697554
2 0.436086 0.905512 0.417546 0.849010 0.345907 0.890799 0.364447 0.947302
3 0.508624 0.634589 0.420299 0.618886 0.413585 0.686026 0.501910 0.701729
