1 0.125019 0.927312 0.119550 0.861687 0.044264 0.872840 0.049733 0.938465
1 0.492544 0.857512 0.479707 0.793326 0.401906 0.820989 0.414743 0.885175
1 0.359844 0.653692 0.343423 0.597392 0.266061 0.637506 0.282482 0.693806
1 0.364489 0.520734 0.297003 0.501790 0.285515 0.574552 0.353001 0.593496
1 0.441010 0.534348 0.403682 0.506217 0.366520 0.593881 0.403848 0.622012
1 0.503892 0.700789 0.484014 0.637179 0.415560 0.675210 0.435438 0.738819
1 0.443131 0.746983 0.437413 0.651676 0.395866 0.656108 0.401585 0.751414
2 0.449403 0.420895 0.427757 0.372794 0.359972 0.427022 0.381618 0.475123
2 0.588702 0.416346 0.554808 0.386218 0.513702 0.468429 0.547596 0.498558
2 0.651082 0.634295 0.576659 0.621891 0.570529 0.687276 0.644952 0.699679
3 0.528360 0.762643 0.509033 0.693921 0.437457 0.729709 0.456785 0.798430
1 0.386919 0.680614 0.363860 0.633535 0.310667 0.679853 0.333727 0.726932
1 0.420661 0.868344 0.385248 0.831144 0.343007 0.902631 0.378420 0.939830
1 0.502082 0.614765 0.499617 0.526084 0.452957 0.528390 0.455422 0.617070
