2 0.950225 0.456725 0.927710 0.421408 0.879769 0.475741 0.902284 0.511058
2 0.316459 0.922542 0.308455 0.861174 0.243174 0.876311 0.251178 0.937680
1 0.790225 0.827718 0.735175 0.819563 0.730240 0.878786 0.785290 0.886941
1 0.695570 0.958627 0.692316 0.902230 0.633410 0.908272 0.636664 0.964669
1 0.464187 0.942833 0.456250 0.868750 0.415344 0.876542 0.423281 0.950625
1 0.464745 0.436567 0.422279 0.411654 0.394862 0.494736 0.437328 0.519649
1 0.435156 0.407292 0.402344 0.363542 0.345313 0.439583 0.378125 0.483333
1 0.363231 0.445338 0.360074 0.348510 0.320814 0.350786 0.323971 0.447614
1 0.423179 0.255297 0.421213 0.153068 0.376330 0.154602 0.378296 0.256832
1 0.951453 0.345405 0.922494 0.318986 0.884054 0.393895 0.913013 0.420314
1 0.979185 0.319804 0.952603 0.240047 0.908287 0.266304 0.934870 0.346061
