2 0.175693 0.310667 0.160375 0.253936 0.091324 0.287081 0.106642 0.343812
1 0.612091 0.387692 0.587861 0.346154 0.531611 0.404487 0.555841 0.446026
1 0.737375 0.340750 0.729300 0.281533 0.660962 0.298100 0.669037 0.357317
1 0.628726 0.443590 0.593389 0.412179 0.553005 0.492949 0.588341 0.524359
1 0.689014 0.565663 0.656881 0.492217 0.620256 0.520704 0.652388 0.594149
1 0.745735 0.552032 0.705556 0.531069 0.682203 0.610642 0.722382 0.631605
1 0.768686 0.723862 0.763311 0.671905 0.697960 0.683924 0.703335 0.735881
1 0.757610 0.662287 0.752864 0.608497 0.692577 0.617954 0.697323 0.671743
1 0.711815 0.708676 0.687543 0.622374 0.656378 0.637957 0.680651 0.724258
1 0.685059 0.609944 0.643809 0.569944 0.605296 0.640552 0.646546 0.680552
1 0.611151 0.686658 0.586308 0.608365 0.547518 0.630246 0.572361 0.708540
1 0.641850 0.734797 0.607559 0.702140 0.566385 0.778998 0.600676 0.811655
1 0.676271 0.786103 0.661049 0.713037 0.627042 0.725633 0.642264 0.798699
1 0.492603 0.558637 0.484152 0.483996 0.447357 0.491403 0.455809 0.566044
