2 0.475601 0.266506 0.395421 0.129054 0.338846 0.187724 0.419026 0.325176
2 0.731868 0.622742 0.710692 0.550872 0.607046 0.605163 0.628222 0.677033
2 0.795938 0.589167 0.772500 0.526667 0.695625 0.577917 0.719063 0.640417
2 0.932624 0.868858 0.884445 0.865079 0.879574 0.975481 0.927753 0.979260
2 0.980156 0.896042 0.976304 0.808721 0.924461 0.812787 0.928314 0.900108
1 0.594788 0.288809 0.472209 0.245636 0.451782 0.348741 0.574361 0.391913
1 0.557031 0.417708 0.511719 0.357292 0.431250 0.464583 0.476562 0.525000
1 0.638886 0.440859 0.603323 0.354647 0.517310 0.417722 0.552873 0.503935
1 0.624767 0.584811 0.616446 0.488656 0.502993 0.506110 0.511314 0.602266
1 0.746276 0.534075 0.719039 0.454181 0.610381 0.520034 0.637618 0.599929
1 0.851080 0.603133 0.754249 0.600387 0.752831 0.689265 0.849662 0.692012
1 0.763269 0.712935 0.699684 0.705048 0.691534 0.821867 0.755119 0.829753
1 0.883328 0.872545 0.855861 0.753525 0.802390 0.775462 0.829856 0.894482
