1 0.383722 0.432145 0.325294 0.426152 0.321884 0.485257 0.380313 0.491250
1 0.552163 0.345994 0.530048 0.301763 0.474880 0.350801 0.496995 0.395032
1 0.457357 0.547228 0.417765 0.543928 0.413844 0.627586 0.453435 0.630885
1 0.787371 0.604436 0.778474 0.551054 0.711636 0.570858 0.720533 0.624240
1 0.488281 0.690625 0.462500 0.656250 0.423438 0.708333 0.449219 0.742708
1 0.567788 0.885577 0.538702 0.827404 0.506250 0.856250 0.535337 0.914423
2 0.507115 0.616603 0.492404 0.582276 0.440745 0.621635 0.455457 0.655962
2 0.610639 0.625175 0.554572 0.611983 0.548579 0.657264 0.604646 0.670456
2 0.639147 0.590991 0.634016 0.547663 0.573117 0.560484 0.578247 0.603812
3 0.435763 0.517806 0.432619 0.463321 0.370846 0.469657 0.373989 0.524142
1 0.234109 0.524005 0.173219 0.495958 0.162778 0.536257 0.223668 0.564304
1 0.892643 0.784460 0.860524 0.755017 0.832119 0.810105 0.864238 0.839547
1 0.947011 0.368660 0.921010 0.307478 0.889744 0.331099 0.915745 0.392282
1 0.086010 0.230763 0.034163 0.157565 0.001328 0.198911 0.053175 0.272109
