2 0.409375 0.620833 0.348438 0.620833 0.348438 0.675000 0.409375 0.675000
2 0.565805 0.771056 0.539555 0.738556 0.499820 0.795611 0.526070 0.828111
2 0.865151 0.284761 0.851036 0.203207 0.811666 0.215321 0.825781 0.296875
2 0.797907 0.953217 0.794846 0.875691 0.764749 0.877803 0.767809 0.955329
1 0.468750 0.750000 0.416466 0.703526 0.391226 0.754006 0.443510 0.800481
1 0.363161 0.791204 0.292666 0.776044 0.285202 0.837745 0.355697 0.852905
1 0.257024 0.502946 0.232833 0.455413 0.176550 0.506336 0.200741 0.553868
1 0.386034 0.562276 0.367933 0.473782 0.324700 0.489503 0.342800 0.577997
1 0.517553 0.320407 0.461071 0.262477 0.432551 0.311911 0.489033 0.369842
1 0.635938 0.383333 0.598437 0.383333 0.598437 0.472917 0.635938 0.472917
1 0.843879 0.386652 0.807069 0.331437 0.775259 0.369138 0.812069 0.424353
1 0.577043 0.596795 0.543870 0.530449 0.506010 0.564103 0.539183 0.630449
