1 0.292449 0.459349 0.236074 0.378402 0.196580 0.427300 0.252954 0.508248
1 0.373721 0.623743 0.362809 0.527715 0.315042 0.537365 0.325954 0.633393
1 0.534260 0.446351 0.457917 0.375098 0.425472 0.436899 0.501814 0.508152
1 0.520000 0.382083 0.489219 0.258958 0.432500 0.284167 0.463281 0.407292
1 0.579276 0.688689 0.546277 0.569263 0.495808 0.594055 0.528807 0.713481
1 0.756963 0.652216 0.747234 0.582165 0.659390 0.603854 0.669119 0.673906
1 0.643860 0.805747 0.588468 0.723029 0.551363 0.767202 0.606755 0.849920
1 0.756480 0.853983 0.729044 0.793015 0.660800 0.847610 0.688235 0.908578
2 0.746171 0.775085 0.740791 0.696192 0.665843 0.705277 0.671222 0.784170
2 0.503467 0.514412 0.428831 0.469178 0.409407 0.526156 0.484043 0.571390
2 0.425000 0.495833 0.390625 0.495833 0.390625 0.602083 0.425000 0.602083
3 0.185409 0.401474 0.131755 0.392532 0.123774 0.477660 0.177428 0.486603
