2 0.448871 0.470088 0.414102 0.449690 0.384658 0.538916 0.419427 0.559314
2 0.250000 0.120833 0.204687 0.120833 0.204687 0.193750 0.250000 0.193750
2 0.098842 0.755424 0.075889 0.684016 0.042699 0.702981 0.065652 0.774389
2 0.882951 0.225682 0.877994 0.126539 0.828111 0.130973 0.833068 0.230116
2 0.393015 0.389828 0.352151 0.377721 0.337886 0.463309 0.378750 0.475417
2 0.142188 0.689583 0.081250 0.689583 0.081250 0.747917 0.142188 0.747917
2 0.281779 0.283526 0.244279 0.196026 0.202885 0.227564 0.240385 0.315064
2 0.139063 0.631250 0.084375 0.631250 0.084375 0.693750 0.139063 0.693750
2 0.990507 0.267217 0.967217 0.211321 0.895047 0.264780 0.918337 0.320676
2 0.488179 0.493305 0.433739 0.487256 0.428858 0.565359 0.483297 0.571408
2 0.506525 0.574933 0.476381 0.547108 0.438525 0.620017 0.468669 0.647842
2 0.504219 0.391875 0.494063 0.351250 0.435937 0.377083 0.446094 0.417708
