2 0.401562 0.383333 0.304688 0.383333 0.304688 0.460417 0.401562 0.460417
2 0.598254 0.711520 0.576930 0.597794 0.514798 0.618505 0.536121 0.732230
2 0.759375 0.885417 0.717969 0.830208 0.659375 0.908333 0.700781 0.963542
2 0.424089 0.281405 0.319035 0.274033 0.314887 0.379115 0.419941 0.386487
2 0.396875 0.218750 0.347656 0.153125 0.265625 0.262500 0.314844 0.328125
2 0.217205 0.391265 0.205402 0.308648 0.082194 0.339939 0.093996 0.422557
2 0.568750 0.322917 0.495312 0.322917 0.495312 0.477083 0.568750 0.477083
2 0.359014 0.660096 0.354062 0.541250 0.289505 0.546032 0.294457 0.664878
1 0.899000 0.676000 0.771031 0.651625 0.761344 0.742042 0.889312 0.766417
1 0.579375 0.505000 0.487500 0.443750 0.460313 0.516250 0.552188 0.577500
