2 0.198248 0.275809 0.147343 0.238787 0.104946 0.342423 0.155852 0.379445
2 0.446875 0.685417 0.400000 0.685417 0.400000 0.770833 0.446875 0.770833
2 0.754327 0.841346 0.707452 0.799679 0.686298 0.841987 0.733173 0.883654
2 0.540312 0.871667 0.525469 0.812292 0.467344 0.838125 0.482188 0.897500
2 0.337959 0.819400 0.319639 0.737978 0.279931 0.753861 0.298251 0.835283
2 0.808261 0.546014 0.770145 0.518909 0.738311 0.598493 0.776427 0.625598
2 0.557746 0.887920 0.540619 0.852904 0.490144 0.896795 0.507272 0.931811
2 0.500708 0.363365 0.452211 0.344890 0.427683 0.459355 0.476179 0.477830
1 0.385938 0.733333 0.337500 0.733333 0.337500 0.804167 0.385938 0.804167
1 0.315817 0.463810 0.304779 0.401671 0.222588 0.427626 0.233626 0.489765
0 0.499774 0.756027 0.429013 0.751309 0.427034 0.804094 0.497795 0.808811
0 0.602719 0.057958 0.558094 0.049458 0.545500 0.167000 0.590125 0.175500
