2 0.567031 0.507708 0.547344 0.428958 0.515469 0.443125 0.535156 0.521875
2 0.314063 0.297917 0.270313 0.297917 0.270313 0.395833 0.314063 0.395833
2 0.825962 0.793910 0.812740 0.705769 0.776683 0.715385 0.789904 0.803526
2 0.698438 0.454167 0.673438 0.387500 0.640312 0.409583 0.665312 0.476250
2 0.864063 0.639583 0.839844 0.607292 0.793750 0.668750 0.817969 0.701042
2 0.403440 0.251376 0.385730 0.207521 0.330383 0.247257 0.348093 0.291112
2 0.444615 0.412436 0.377584 0.388061 0.367596 0.436891 0.434627 0.461266
2 0.461369 0.277730 0.423114 0.257328 0.396282 0.346767 0.434537 0.367170
2 0.416703 0.273491 0.379256 0.253520 0.355334 0.333261 0.392780 0.353233
2 0.357812 0.366667 0.310937 0.366667 0.310937 0.460417 0.357812 0.460417
2 0.704747 0.569542 0.651354 0.547061 0.641176 0.590035 0.694569 0.612516
2 0.649357 0.377819 0.618566 0.353186 0.586994 0.423346 0.617785 0.447978
2 0.742463 0.682721 0.683897 0.665368 0.676434 0.710147 0.735000 0.727500
2 0.764880 0.657468 0.710192 0.615801 0.692981 0.655962 0.747668 0.697628
