2 0.389359 0.851616 0.374407 0.805101 0.314440 0.839368 0.329391 0.885884
2 0.764522 0.452451 0.734421 0.428370 0.705607 0.492402 0.735708 0.516483
2 0.400551 0.648775 0.393934 0.613480 0.341728 0.630882 0.348346 0.666176
2 0.713567 0.669055 0.687774 0.594543 0.653491 0.615640 0.679284 0.690152
2 0.353125 0.660417 0.285938 0.660417 0.285938 0.712500 0.353125 0.712500
2 0.235778 0.411785 0.193113 0.359638 0.171061 0.391714 0.213726 0.443860
2 0.665425 0.701981 0.622553 0.639623 0.597011 0.670841 0.639882 0.733200
2 0.650952 0.322987 0.588385 0.318353 0.586168 0.371545 0.648736 0.376179
2 0.704688 0.368750 0.667188 0.368750 0.667188 0.445833 0.704688 0.445833
2 0.350685 0.622933 0.299195 0.569535 0.272861 0.614679 0.324351 0.668077
