2 0.386250 0.698750 0.364063 0.639583 0.280313 0.695417 0.302500 0.754583
2 0.715514 0.612629 0.651113 0.606904 0.645838 0.712408 0.710239 0.718132
2 0.476905 0.430920 0.416585 0.319561 0.365926 0.368344 0.426246 0.479703
2 0.449882 0.527613 0.368112 0.469893 0.342762 0.533739 0.424531 0.591458
2 0.681061 0.811691 0.644875 0.723235 0.604479 0.752614 0.640665 0.841070
2 0.259375 0.641667 0.212500 0.641667 0.212500 0.739583 0.259375 0.739583
2 0.273877 0.379385 0.239813 0.308732 0.166922 0.371209 0.200987 0.441862
2 0.562295 0.230057 0.557155 0.147816 0.464698 0.158089 0.469838 0.240330
3 0.797544 0.444137 0.790232 0.379141 0.664467 0.404294 0.671779 0.469290
3 0.370360 0.313695 0.297962 0.306800 0.292029 0.417544 0.364427 0.424440
0 0.179688 0.366667 0.125000 0.366667 0.125000 0.470833 0.179688 0.470833
0 0.163042 0.760535 0.099187 0.681072 0.068687 0.724644 0.132542 0.804107
