2 0.742188 0.602083 0.685937 0.602083 0.685937 0.656250 0.742188 0.656250
2 0.114170 0.158693 0.082705 0.053807 0.038793 0.077227 0.070259 0.182112
2 0.339962 0.583825 0.321094 0.538542 0.261925 0.582370 0.280793 0.627653
2 0.439063 0.475000 0.373437 0.475000 0.373438 0.529167 0.439063 0.529167
2 0.278233 0.496473 0.237392 0.491027 0.232178 0.560540 0.273020 0.565986
2 0.753698 0.470604 0.734733 0.386315 0.693449 0.402829 0.712414 0.487118
2 0.593750 0.666667 0.535937 0.666667 0.535937 0.718750 0.593750 0.718750
2 0.538414 0.365527 0.466598 0.338168 0.453921 0.397327 0.525737 0.424686
3 0.237500 0.443750 0.195313 0.443750 0.195313 0.537500 0.237500 0.537500
3 0.437970 0.637937 0.417517 0.577102 0.343178 0.621535 0.363631 0.682370
