2 0.818750 0.895833 0.774219 0.836458 0.750000 0.868750 0.794531 0.928125
2 0.824192 0.668319 0.809968 0.624066 0.751697 0.657364 0.765921 0.701616
2 0.185156 0.705208 0.166094 0.628958 0.130469 0.644792 0.149531 0.721042
2 0.225050 0.771464 0.207952 0.698510 0.169161 0.714672 0.186260 0.787626
2 0.112362 0.252765 0.075546 0.249493 0.070955 0.341307 0.107771 0.344580
2 0.767371 0.336397 0.760018 0.297181 0.704504 0.315686 0.711857 0.354902
2 0.711115 0.771864 0.650081 0.735696 0.633586 0.785180 0.694620 0.821349
2 0.457813 0.604167 0.395313 0.604167 0.395313 0.658333 0.457813 0.658333
2 0.567145 0.719292 0.509461 0.684332 0.494424 0.728439 0.552108 0.763399
2 0.159375 0.495833 0.118750 0.441667 0.092187 0.477083 0.132813 0.531250
