1 0.853336 0.177137 0.755673 0.089382 0.711249 0.177273 0.808912 0.265028
1 0.675513 0.663907 0.628316 0.627017 0.588731 0.717054 0.635928 0.753944
1 0.656491 0.766233 0.625294 0.706809 0.557131 0.770428 0.588328 0.829852
1 0.206373 0.392492 0.167566 0.337515 0.101623 0.420268 0.140430 0.475245
2 0.249688 0.455417 0.221875 0.381250 0.173750 0.413333 0.201563 0.487500
2 0.585371 0.668449 0.547058 0.619919 0.499074 0.687265 0.537387 0.735794
0 0.619485 0.562745 0.568262 0.559493 0.564052 0.677380 0.615275 0.680633
0 0.179181 0.518863 0.170017 0.445552 0.116047 0.457545 0.125211 0.530856
0 0.599246 0.741236 0.583082 0.687356 0.512231 0.725144 0.528394 0.779023
0 0.670818 0.866883 0.663322 0.801915 0.593578 0.816221 0.601075 0.881190
