0 0.762121 0.907129 0.757713 0.868931 0.700181 0.880732 0.704588 0.918931
0 0.094595 0.529673 0.088936 0.484403 0.023818 0.498874 0.029476 0.544144
0 0.861875 0.910833 0.838125 0.847500 0.805625 0.869167 0.829375 0.932500
0 0.326563 0.768750 0.260938 0.768750 0.260938 0.812500 0.326563 0.812500
0 0.962500 0.335417 0.876563 0.335417 0.876563 0.404167 0.962500 0.404167
1 0.130338 0.311963 0.094408 0.268411 0.045836 0.339649 0.081766 0.383201
1 0.456250 0.629167 0.429688 0.593750 0.384375 0.654167 0.410938 0.689583
1 0.271406 0.823125 0.258750 0.772500 0.197812 0.799583 0.210469 0.850208
1 0.186635 0.764647 0.165288 0.714840 0.113125 0.754583 0.134471 0.804391
1 0.081250 0.429167 0.014063 0.429167 0.014063 0.491667 0.081250 0.491667
1 0.337188 0.817917 0.280649 0.808494 0.275553 0.862853 0.332091 0.872276
3 0.178125 0.356250 0.175444 0.256154 0.125898 0.258514 0.128579 0.358609
3 0.929370 0.067646 0.829762 0.037657 0.802992 0.195726 0.902601 0.225716
3 0.536584 0.677011 0.464386 0.638506 0.451563 0.681250 0.523761 0.719756
3 0.503906 0.634375 0.454688 0.568750 0.427344 0.605208 0.476562 0.670833
3 0.776326 0.982677 0.775312 0.885841 0.733042 0.886628 0.734057 0.983464
