1 0.356056 0.441328 0.336948 0.382413 0.260849 0.426290 0.279957 0.485205
1 0.646773 0.439820 0.580366 0.434612 0.577845 0.491767 0.644251 0.496976
1 0.333839 0.965282 0.318291 0.864587 0.268825 0.878166 0.284374 0.978861
0 0.408028 0.484905 0.379823 0.457108 0.336213 0.535778 0.364418 0.563575
0 0.316012 0.617826 0.301256 0.573561 0.232394 0.614369 0.247149 0.658634
0 0.262299 0.672309 0.180787 0.667133 0.178871 0.720781 0.260382 0.725957
0 0.241605 0.846514 0.182469 0.788692 0.154850 0.838909 0.213986 0.896730
3 0.416081 0.797124 0.382011 0.745206 0.319953 0.817607 0.354024 0.869524
3 0.378125 0.727083 0.292188 0.727083 0.292188 0.791667 0.378125 0.791667
3 0.604672 0.726370 0.546358 0.652936 0.481230 0.744882 0.539544 0.818315
3 0.680937 0.747083 0.642500 0.644583 0.583750 0.683750 0.622188 0.786250
3 0.726680 0.798467 0.713827 0.738483 0.634375 0.768750 0.647229 0.828734
2 0.761489 0.688725 0.733763 0.662027 0.700266 0.723867 0.727992 0.750566
2 0.720637 0.693999 0.717070 0.622649 0.677454 0.626171 0.681022 0.697520
2 0.745074 0.529191 0.714835 0.494632 0.677114 0.553309 0.707353 0.587868
2 0.825328 0.678900 0.815291 0.636077 0.764046 0.657429 0.774083 0.700252
