3 0.143947 0.390147 0.139750 0.289417 0.042827 0.296596 0.047024 0.397327
3 0.328343 0.374381 0.300816 0.233684 0.236764 0.255962 0.264292 0.396659
3 0.462530 0.182715 0.393315 0.077844 0.301664 0.185381 0.370879 0.290252
3 0.799683 0.231968 0.795048 0.120737 0.689731 0.128538 0.694365 0.239769
3 0.950642 0.195045 0.855189 0.121619 0.820202 0.202479 0.915654 0.275904
2 0.985481 0.162992 0.917538 0.112261 0.895823 0.163964 0.963766 0.214695
2 0.875466 0.234337 0.821557 0.217425 0.805881 0.306257 0.859790 0.323169
2 0.900825 0.078352 0.827538 0.071373 0.823985 0.137701 0.897272 0.144681
2 0.835737 0.120058 0.794258 0.117360 0.790228 0.227515 0.831707 0.230213
1 0.827301 0.102583 0.808465 0.047332 0.722528 0.099415 0.741363 0.154666
1 0.551535 0.157978 0.523162 0.098529 0.450570 0.160123 0.478943 0.219571
1 0.279257 0.166988 0.222929 0.130270 0.179963 0.247448 0.236292 0.284166
0 0.210048 0.184904 0.207082 0.113712 0.113274 0.120660 0.116240 0.191853
0 0.325542 0.132536 0.258139 0.107372 0.243534 0.176920 0.310937 0.202083
0 0.359188 0.270500 0.308750 0.180833 0.264000 0.225583 0.314438 0.315250
0 0.550607 0.235515 0.533754 0.182147 0.452794 0.227598 0.469647 0.280966
