3 0.268084 0.517661 0.187911 0.515054 0.185762 0.632515 0.265935 0.635122
3 0.428125 0.329167 0.360938 0.329167 0.360938 0.445833 0.428125 0.445833
3 0.768649 0.698935 0.733868 0.654878 0.670046 0.744454 0.704827 0.788510
3 0.371735 0.538510 0.304129 0.443624 0.239535 0.525443 0.307141 0.620330
0 0.341437 0.457564 0.292229 0.377895 0.259533 0.413797 0.308740 0.493466
0 0.482567 0.496206 0.470723 0.450267 0.403125 0.481250 0.414969 0.527189
0 0.457542 0.350587 0.426607 0.349605 0.424899 0.445235 0.455834 0.446217
0 0.778906 0.751042 0.767846 0.723187 0.719459 0.757342 0.730519 0.785197
2 0.634375 0.500000 0.592969 0.444792 0.567969 0.478125 0.609375 0.533333
2 0.554227 0.429420 0.515030 0.425687 0.510327 0.513484 0.549524 0.517217
2 0.754522 0.678382 0.751590 0.627561 0.685156 0.634375 0.688088 0.685196
2 0.799816 0.767647 0.742096 0.748407 0.733088 0.796446 0.790809 0.815686
1 0.778996 0.826810 0.751332 0.782548 0.708607 0.830020 0.736270 0.874283
1 0.800016 0.670467 0.762004 0.667486 0.758087 0.756272 0.796099 0.759253
1 0.376935 0.504629 0.361663 0.400269 0.324033 0.410059 0.339305 0.514419
