3 0.581195 0.319888 0.491648 0.312185 0.484747 0.454804 0.574294 0.462506
3 0.729187 0.368250 0.667725 0.353350 0.651600 0.471600 0.713063 0.486500
3 0.482773 0.402393 0.447533 0.381719 0.414241 0.482604 0.449481 0.503279
3 0.592791 0.480324 0.531772 0.473249 0.525000 0.577083 0.586020 0.584158
3 0.474688 0.515417 0.419063 0.478333 0.399062 0.531667 0.454688 0.568750
0 0.495294 0.510774 0.459634 0.507495 0.455344 0.590434 0.491004 0.593713
0 0.523118 0.528060 0.491050 0.525111 0.486402 0.614985 0.518469 0.617934
0 0.645744 0.392313 0.606950 0.371624 0.582166 0.454239 0.620959 0.474928
0 0.607723 0.408476 0.579688 0.393750 0.551576 0.488896 0.579612 0.503622
0 0.635183 0.374569 0.608459 0.285489 0.572091 0.304885 0.598815 0.393966
2 0.689715 0.514350 0.635947 0.439076 0.604383 0.479157 0.658151 0.554432
2 0.666587 0.525233 0.604850 0.510267 0.597250 0.566000 0.658987 0.580967
2 0.661827 0.577766 0.611449 0.573815 0.607775 0.657105 0.658152 0.661056
2 0.615277 0.551974 0.572602 0.538586 0.555328 0.636475 0.598002 0.649863
2 0.540886 0.470915 0.467469 0.447883 0.456342 0.510936 0.529759 0.533969
