2 0.254688 0.087500 0.187500 0.087500 0.187500 0.143750 0.254688 0.143750
2 0.421886 0.203994 0.390415 0.154404 0.343696 0.207112 0.375167 0.256703
2 0.801562 0.927083 0.750313 0.892917 0.735313 0.932917 0.786562 0.967083
2 0.927124 0.871202 0.897272 0.869107 0.894933 0.928372 0.924784 0.930467
1 0.323225 0.208850 0.276062 0.197417 0.262163 0.299350 0.309325 0.310783
1 0.278981 0.399681 0.239539 0.355573 0.185637 0.441263 0.225079 0.485371
1 0.205000 0.425833 0.171875 0.337500 0.138750 0.359583 0.171875 0.447917
1 0.600172 0.479425 0.533217 0.474174 0.530593 0.533649 0.597548 0.538901
2 0.182497 0.516610 0.141668 0.485840 0.101363 0.580919 0.142192 0.611688
0 0.321409 0.402746 0.292541 0.314768 0.249672 0.339775 0.278540 0.427753
0 0.595359 0.476935 0.553129 0.411738 0.526646 0.442234 0.568876 0.507431
0 0.694531 0.438542 0.671875 0.408333 0.625000 0.470833 0.647656 0.501042
3 0.928950 0.844064 0.838149 0.809473 0.829245 0.851022 0.920047 0.885613
3 0.896875 0.858333 0.826562 0.858333 0.826562 0.962500 0.896875 0.962500
3 0.396995 0.878365 0.369351 0.823077 0.293990 0.890064 0.321635 0.945353
3 0.188102 0.482730 0.164913 0.377607 0.081419 0.410350 0.104608 0.515472
