2 0.548057 0.523874 0.496237 0.493833 0.464316 0.591723 0.516137 0.621764
2 0.601562 0.600000 0.551562 0.600000 0.551562 0.697917 0.601562 0.697917
2 0.595313 0.727083 0.507812 0.727083 0.507812 0.787500 0.595313 0.787500
2 0.508901 0.773664 0.452936 0.710524 0.418858 0.764224 0.474822 0.827364
1 0.636529 0.678022 0.608508 0.630975 0.544673 0.698565 0.572694 0.745612
1 0.555812 0.663343 0.488018 0.627734 0.469691 0.689762 0.537485 0.725371
1 0.501544 0.640426 0.439854 0.539600 0.393909 0.589575 0.455599 0.690401
1 0.720759 0.555472 0.665788 0.543651 0.653253 0.647272 0.708225 0.659094
1 0.598281 0.555625 0.569687 0.441250 0.515781 0.465208 0.544375 0.579583
2 0.592493 0.836568 0.588652 0.782790 0.513736 0.792303 0.517577 0.846081
2 0.532031 0.734375 0.498438 0.689583 0.471094 0.726042 0.504687 0.770833
3 0.492768 0.724061 0.491397 0.682020 0.394366 0.687645 0.395737 0.729686
3 0.709375 0.708333 0.598437 0.708333 0.598437 0.791667 0.709375 0.791667
3 0.711464 0.715440 0.709165 0.643407 0.616978 0.648638 0.619277 0.720670
3 0.693750 0.585417 0.617188 0.483333 0.557813 0.562500 0.634375 0.664583
3 0.582591 0.587881 0.566650 0.560831 0.480461 0.651124 0.496402 0.678174
