0 0.236757 0.734279 0.214899 0.639561 0.172187 0.657083 0.194046 0.751802
1 0.377642 0.656503 0.374806 0.584663 0.290254 0.590596 0.293090 0.662437
1 0.691880 0.571175 0.653586 0.509904 0.623002 0.543887 0.661296 0.605157
1 0.718184 0.562823 0.695313 0.491667 0.660991 0.511279 0.683863 0.582435
1 0.777203 0.666484 0.768880 0.614695 0.711151 0.631189 0.719474 0.682978
2 0.806273 0.709338 0.756488 0.654674 0.731997 0.694326 0.781782 0.748991
2 0.828474 0.809824 0.800457 0.761795 0.771899 0.791410 0.799916 0.839439
2 0.929860 0.477291 0.907156 0.450046 0.865668 0.511510 0.888372 0.538755
2 0.410520 0.653105 0.371875 0.625000 0.338854 0.705719 0.377498 0.733824
3 0.351946 0.691822 0.296601 0.621913 0.237806 0.704662 0.293150 0.774571
0 0.359762 0.749446 0.308874 0.700444 0.286254 0.742203 0.337142 0.791206
0 0.772327 0.739689 0.726939 0.687241 0.703276 0.723646 0.748664 0.776095
0 0.734312 0.664000 0.676937 0.659750 0.674875 0.709250 0.732250 0.713500
3 0.910405 0.436311 0.859025 0.375709 0.801674 0.462151 0.853054 0.522752
3 0.922503 0.379674 0.920542 0.319552 0.852126 0.323518 0.854086 0.383640
3 0.739544 0.599411 0.714473 0.555536 0.653979 0.616989 0.679051 0.660865
