0 0.614982 0.407598 0.596232 0.365931 0.535800 0.414277 0.554550 0.455944
0 0.638627 0.614205 0.636117 0.564012 0.567153 0.570142 0.569663 0.620336
0 0.338594 0.912708 0.329687 0.877083 0.270156 0.903542 0.279062 0.939167
0 0.884802 0.601696 0.824347 0.586342 0.817181 0.636506 0.877636 0.651860
1 0.229517 0.156436 0.141955 0.144761 0.136618 0.215924 0.224180 0.227599
1 0.483679 0.288210 0.415925 0.276164 0.409334 0.342076 0.477088 0.354121
1 0.305178 0.552407 0.297556 0.458404 0.247842 0.465570 0.255464 0.559573
1 0.314063 0.881250 0.292909 0.831891 0.230649 0.879327 0.251803 0.928686
1 0.595719 0.721208 0.535781 0.709792 0.528594 0.776875 0.588531 0.788292
2 0.251533 0.339912 0.219923 0.286271 0.162786 0.346129 0.194396 0.399770
2 0.540625 0.431250 0.506250 0.431250 0.506250 0.516667 0.540625 0.516667
2 0.219426 0.853322 0.211529 0.790146 0.160853 0.801408 0.168750 0.864583
2 0.833733 0.712700 0.807031 0.634375 0.774304 0.654209 0.801006 0.732534
2 0.836800 0.821800 0.800237 0.751383 0.766112 0.782883 0.802675 0.853300
2 0.891615 0.755397 0.856913 0.752827 0.853529 0.834058 0.888231 0.836628
