3 0.280759 0.271503 0.234561 0.175258 0.153022 0.244838 0.199220 0.341083
3 0.237551 0.278821 0.175359 0.276518 0.172564 0.410674 0.234756 0.412977
3 0.460539 0.907142 0.393025 0.798172 0.329226 0.868443 0.396740 0.977413
3 0.268819 0.894808 0.228937 0.818000 0.178075 0.864950 0.217956 0.941758
3 0.853599 0.691967 0.807879 0.688157 0.803818 0.774797 0.849538 0.778607
1 0.887500 0.766667 0.846935 0.755849 0.834615 0.837981 0.875180 0.848798
1 0.681397 0.644632 0.666029 0.552426 0.624504 0.564730 0.639871 0.656936
1 0.325191 0.806047 0.287386 0.743039 0.249848 0.783079 0.287652 0.846087
2 0.925699 0.842566 0.852470 0.835633 0.849462 0.892117 0.922691 0.899049
2 0.917659 0.755648 0.875970 0.754402 0.874292 0.854129 0.915982 0.855376
2 0.890249 0.332154 0.888268 0.281964 0.821922 0.286619 0.823904 0.336809
2 0.359799 0.265083 0.341792 0.214395 0.273685 0.257410 0.291693 0.308098
0 0.821803 0.310064 0.757764 0.305321 0.755707 0.354705 0.819745 0.359449
0 0.909134 0.713636 0.895521 0.671890 0.843015 0.702328 0.856628 0.744075
