3 0.475377 0.235632 0.402882 0.134138 0.337764 0.216828 0.410259 0.318321
3 0.225321 0.396182 0.196605 0.271745 0.123041 0.301926 0.151757 0.426363
3 0.978265 0.658175 0.927187 0.652500 0.920431 0.760603 0.971509 0.766279
2 0.827206 0.806985 0.805423 0.758578 0.759926 0.794975 0.781710 0.843382
2 0.728549 0.609794 0.726856 0.562382 0.675262 0.565658 0.676955 0.613070
2 0.728125 0.510417 0.671875 0.510417 0.671875 0.558333 0.728125 0.558333
2 0.500152 0.237246 0.491654 0.135264 0.460099 0.139939 0.468598 0.241921
1 0.715708 0.194174 0.648921 0.188237 0.645810 0.250461 0.712597 0.256397
1 0.684375 0.283333 0.646875 0.283333 0.646875 0.372917 0.684375 0.372917
1 0.618217 0.401877 0.578872 0.395705 0.571502 0.479231 0.610847 0.485402
1 0.664291 0.806169 0.626987 0.795878 0.612213 0.891085 0.649517 0.901375
2 0.672142 0.565549 0.630678 0.496443 0.602096 0.526931 0.643559 0.596037
0 0.683082 0.675144 0.649573 0.610157 0.619666 0.637572 0.653175 0.702559
0 0.692618 0.728811 0.636532 0.711216 0.627700 0.761264 0.683786 0.778859
0 0.612500 0.275000 0.579688 0.275000 0.579688 0.356250 0.612500 0.356250
0 0.204066 0.240095 0.202117 0.182921 0.115222 0.188187 0.117171 0.245361
