2 0.659375 0.229167 0.617188 0.229167 0.617188 0.322917 0.659375 0.322917
2 0.679688 0.404167 0.643750 0.404167 0.643750 0.477083 0.679688 0.477083
2 0.728606 0.575962 0.694651 0.566907 0.681971 0.651442 0.715925 0.660497
2 0.514156 0.617542 0.508937 0.568833 0.447469 0.580542 0.452687 0.629250
1 0.573438 0.660417 0.571018 0.608795 0.504481 0.614340 0.506901 0.665961
1 0.632720 0.575145 0.591144 0.552625 0.562965 0.645109 0.604541 0.667629
1 0.699600 0.488135 0.663243 0.482749 0.655450 0.576270 0.691806 0.581657
1 0.721087 0.455524 0.704573 0.382129 0.670313 0.395833 0.686826 0.469228
3 0.613437 0.557917 0.588125 0.456667 0.500937 0.495417 0.526250 0.596667
3 0.681935 0.620623 0.641204 0.586681 0.600123 0.674321 0.640853 0.708263
3 0.771521 0.474979 0.749485 0.408870 0.690770 0.443664 0.712806 0.509772
0 0.507812 0.468750 0.446875 0.468750 0.446875 0.516667 0.507812 0.516667
0 0.656620 0.388132 0.624960 0.368030 0.595442 0.450678 0.627103 0.470779
0 0.603061 0.733140 0.577159 0.655434 0.542945 0.675709 0.568847 0.753415
0 0.684008 0.501466 0.618711 0.491420 0.614366 0.541633 0.679662 0.551679
3 0.767570 0.521721 0.702990 0.503782 0.694891 0.555612 0.759471 0.573551
