0 0.286448 0.406807 0.279455 0.313573 0.242481 0.318502 0.249474 0.411737
0 0.310496 0.465270 0.307619 0.415404 0.233897 0.422966 0.236774 0.472831
0 0.428437 0.478333 0.405562 0.437667 0.348813 0.494417 0.371688 0.535083
0 0.538310 0.295427 0.519233 0.251491 0.461213 0.296279 0.480290 0.340214
0 0.730482 0.467380 0.690159 0.407643 0.662621 0.440688 0.702944 0.500426
0 0.691229 0.183987 0.660265 0.164720 0.631005 0.248320 0.661970 0.267587
2 0.259074 0.626725 0.202398 0.582273 0.178699 0.635990 0.235375 0.680441
2 0.235424 0.714326 0.174465 0.683847 0.160338 0.734075 0.221297 0.764555
2 0.792969 0.523958 0.759375 0.479167 0.710937 0.543750 0.744531 0.588542
2 0.533953 0.377872 0.527323 0.324831 0.466512 0.338345 0.473142 0.391385
2 0.360355 0.273165 0.333032 0.187056 0.288176 0.212359 0.315500 0.298468
1 0.807838 0.641291 0.784529 0.603996 0.734426 0.659665 0.757736 0.696960
1 0.819289 0.603879 0.799461 0.537787 0.756627 0.560632 0.776455 0.626724
1 0.609319 0.267347 0.569505 0.257024 0.555762 0.351262 0.595576 0.361585
1 0.310402 0.286629 0.289503 0.198389 0.252263 0.214069 0.273162 0.302309
