0 0.254593 0.629489 0.207821 0.560198 0.179852 0.593762 0.226623 0.663052
0 0.334063 0.488750 0.298125 0.392917 0.258750 0.419167 0.294688 0.515000
0 0.405927 0.509339 0.352877 0.446466 0.325894 0.486940 0.378944 0.549813
0 0.340319 0.688959 0.263304 0.684680 0.261698 0.736067 0.338713 0.740345
3 0.386813 0.593917 0.320750 0.581333 0.308781 0.693042 0.374844 0.705625
3 0.305811 0.594121 0.291446 0.456214 0.192572 0.474524 0.206937 0.612431
3 0.901863 0.354247 0.838462 0.337340 0.816647 0.482772 0.880048 0.499679
2 0.851609 0.286721 0.815495 0.218505 0.784393 0.247777 0.820507 0.315993
2 0.281250 0.747917 0.234375 0.685417 0.203906 0.726042 0.250781 0.788542
2 0.823130 0.318695 0.792263 0.264874 0.758218 0.299586 0.789086 0.353407
2 0.829688 0.345833 0.767188 0.345833 0.767188 0.389583 0.829688 0.389583
1 0.874248 0.327490 0.824666 0.289216 0.804733 0.335123 0.854315 0.373396
1 0.347469 0.534042 0.297375 0.524500 0.285281 0.637375 0.335375 0.646917
1 0.311976 0.692106 0.305072 0.633801 0.231174 0.649358 0.238079 0.707663
1 0.410798 0.723737 0.406543 0.621622 0.368553 0.624436 0.372808 0.726551
