1 0.876149 0.507736 0.874127 0.453808 0.799860 0.458759 0.801882 0.512687
1 0.392799 0.575096 0.329522 0.523386 0.303989 0.578932 0.367266 0.630642
1 0.366485 0.613085 0.321271 0.585860 0.289716 0.679023 0.334930 0.706248
1 0.307272 0.524439 0.238762 0.506170 0.231731 0.553045 0.300240 0.571314
3 0.862487 0.542800 0.788375 0.524833 0.775925 0.616133 0.850038 0.634100
3 0.828217 0.454390 0.735409 0.418206 0.720806 0.484793 0.813614 0.520977
3 0.809307 0.497951 0.750014 0.467892 0.719085 0.576350 0.778379 0.606409
0 0.746983 0.510776 0.726616 0.442888 0.699138 0.457543 0.719504 0.525431
0 0.748346 0.530760 0.700322 0.492341 0.683364 0.530025 0.731388 0.568444
0 0.320862 0.445864 0.296101 0.418853 0.247857 0.497473 0.272618 0.524484
0 0.363076 0.468295 0.334375 0.460417 0.321531 0.543594 0.350232 0.551473
3 0.352048 0.447756 0.289573 0.436111 0.278448 0.542214 0.340923 0.553859
3 0.324473 0.656825 0.322331 0.548565 0.252292 0.551029 0.254434 0.659289
3 0.311462 0.625418 0.203230 0.580475 0.172313 0.712836 0.280546 0.757779
