2 0.820292 0.668866 0.760374 0.650068 0.751132 0.702439 0.811050 0.721236
2 0.614431 0.786616 0.551846 0.782987 0.550321 0.829729 0.612907 0.833357
2 0.685244 0.833408 0.631219 0.787913 0.611058 0.830474 0.665084 0.875969
2 0.754136 0.859559 0.746415 0.818382 0.685018 0.838848 0.692739 0.880025
2 0.722200 0.795381 0.710817 0.752885 0.641629 0.785831 0.653012 0.828328
2 0.767969 0.726042 0.749219 0.701042 0.708594 0.755208 0.727344 0.780208
3 0.793837 0.789910 0.774769 0.717878 0.724587 0.741494 0.743654 0.813526
3 0.759716 0.732602 0.742428 0.633814 0.699900 0.647045 0.717187 0.745833
3 0.732277 0.731656 0.676067 0.623920 0.603505 0.691223 0.659715 0.798960
3 0.651134 0.728436 0.549933 0.711981 0.544346 0.773064 0.645547 0.789520
3 0.616815 0.831285 0.531156 0.811130 0.522237 0.878516 0.607896 0.898672
0 0.660272 0.881899 0.620927 0.838183 0.592623 0.883470 0.631967 0.927186
0 0.698086 0.870116 0.680947 0.842367 0.633628 0.894326 0.650767 0.922075
0 0.742221 0.810229 0.725376 0.773730 0.675074 0.815004 0.691919 0.851502
0 0.786658 0.850523 0.771265 0.794817 0.743750 0.808333 0.759143 0.864040
