3 0.673447 0.395905 0.657098 0.273831 0.595231 0.288561 0.611581 0.410636
3 0.410938 0.531250 0.323438 0.531250 0.323438 0.662500 0.410938 0.662500
3 0.668826 0.488415 0.611852 0.427642 0.555450 0.521646 0.612424 0.582419
0 0.581659 0.454776 0.547837 0.429006 0.512452 0.511571 0.546274 0.537340
0 0.762875 0.575667 0.727812 0.559167 0.704909 0.645692 0.739971 0.662192
0 0.401562 0.662500 0.334375 0.662500 0.334375 0.697917 0.401562 0.697917
0 0.600625 0.899583 0.573125 0.826250 0.539375 0.848750 0.566875 0.922083
0 0.848757 0.679354 0.845901 0.603190 0.811300 0.605497 0.814156 0.681660
2 0.817187 0.635417 0.754687 0.635417 0.754687 0.677083 0.817187 0.677083
2 0.703487 0.771484 0.695465 0.710871 0.629058 0.726496 0.637081 0.787109
2 0.384500 0.763342 0.348184 0.760921 0.345009 0.845605 0.381324 0.848026
2 0.703353 0.645763 0.665713 0.614396 0.629635 0.691362 0.667275 0.722729
1 0.355865 0.691603 0.307981 0.683622 0.299928 0.769519 0.347813 0.777500
1 0.822500 0.716250 0.780962 0.709327 0.773101 0.793173 0.814639 0.800096
1 0.880069 0.742073 0.846532 0.706301 0.804306 0.776677 0.837843 0.812449
1 0.833982 0.578528 0.773892 0.528082 0.749678 0.579359 0.809768 0.629805
