0 0.369824 0.432739 0.346079 0.391185 0.291423 0.446709 0.315168 0.488262
0 0.538446 0.520855 0.507304 0.443000 0.471215 0.468663 0.502357 0.546518
0 0.716767 0.749279 0.709615 0.701603 0.636899 0.720994 0.644050 0.768670
0 0.516578 0.609350 0.489139 0.580081 0.447980 0.648679 0.475419 0.677947
3 0.391610 0.551652 0.374554 0.450941 0.295520 0.474736 0.312576 0.575448
3 0.619009 0.825896 0.555667 0.776630 0.531185 0.832589 0.594527 0.881854
3 0.666243 0.714875 0.645065 0.667318 0.580083 0.718762 0.601261 0.766319
3 0.421776 0.737312 0.408504 0.619341 0.337599 0.633522 0.350871 0.751492
3 0.488892 0.564752 0.397377 0.520824 0.380765 0.582351 0.472280 0.626278
2 0.398438 0.564583 0.329688 0.564583 0.329688 0.622917 0.398438 0.622917
2 0.359856 0.634455 0.328125 0.606250 0.295433 0.671635 0.327163 0.699840
2 0.641731 0.785557 0.583725 0.737219 0.563624 0.780103 0.621629 0.828441
2 0.433960 0.791028 0.387941 0.733078 0.360945 0.771190 0.406964 0.829139
2 0.775000 0.827083 0.732813 0.770833 0.703125 0.810417 0.745312 0.866667
