2 0.453125 0.233333 0.401562 0.233333 0.401562 0.325000 0.453125 0.325000
2 0.518103 0.329095 0.490517 0.237141 0.442026 0.263003 0.469612 0.354957
2 0.979688 0.241667 0.947656 0.198958 0.892188 0.272917 0.924219 0.315625
2 0.444630 0.874977 0.437910 0.823456 0.382520 0.836300 0.389240 0.887821
2 0.385048 0.865513 0.378389 0.794487 0.333774 0.801923 0.340433 0.872949
1 0.401058 0.365449 0.394760 0.298269 0.319952 0.310737 0.326250 0.377917
1 0.462179 0.419892 0.428039 0.319749 0.386483 0.344934 0.420623 0.445077
3 0.499834 0.408823 0.497415 0.324972 0.434167 0.328216 0.436586 0.412066
3 0.943128 0.782597 0.933201 0.737593 0.843446 0.772791 0.853374 0.817795
3 0.939063 0.812500 0.868750 0.812500 0.868750 0.889583 0.939063 0.889583
1 0.910103 0.914651 0.862121 0.847767 0.833669 0.884053 0.881651 0.950938
1 0.883836 0.737787 0.866487 0.679957 0.802101 0.714296 0.819450 0.772126
1 0.925467 0.721780 0.915247 0.675060 0.867188 0.693750 0.877408 0.740470
3 0.441090 0.826633 0.430954 0.745552 0.357475 0.761881 0.367610 0.842962
1 0.880769 0.641768 0.840541 0.602759 0.801216 0.674854 0.841444 0.713863
