3 0.901011 0.907108 0.888629 0.867897 0.830581 0.900485 0.842963 0.939696
3 0.850000 0.616667 0.785937 0.616667 0.785937 0.660417 0.850000 0.660417
3 0.242748 0.882822 0.223231 0.791745 0.144399 0.821777 0.163915 0.912854
3 0.291476 0.356796 0.239009 0.294612 0.204353 0.346595 0.256821 0.408779
3 0.250000 0.510417 0.185938 0.510417 0.185938 0.606250 0.250000 0.606250
3 0.815051 0.518187 0.738083 0.500493 0.732300 0.545213 0.809269 0.562907
3 0.322522 0.297989 0.305603 0.241595 0.237446 0.277945 0.254364 0.334339
3 0.413953 0.927163 0.396815 0.885271 0.334524 0.930573 0.351662 0.972465
2 0.585639 0.436596 0.583731 0.390788 0.514240 0.395936 0.516149 0.441744
2 0.938525 0.332889 0.912910 0.291906 0.863268 0.347063 0.888883 0.388046
