3 0.843750 0.152083 0.809375 0.106250 0.760156 0.171875 0.794531 0.217708
3 0.718281 0.647708 0.643750 0.614583 0.626250 0.684583 0.700781 0.717708
3 0.490313 0.761667 0.456250 0.670833 0.426250 0.690833 0.460313 0.781667
3 0.528860 0.703922 0.473483 0.659620 0.454733 0.701287 0.510110 0.745588
3 0.626375 0.614250 0.599562 0.566583 0.540313 0.625833 0.567125 0.673500
3 0.237427 0.131787 0.197860 0.074971 0.153570 0.129806 0.193138 0.186621
3 0.109591 0.420115 0.073761 0.401006 0.044774 0.497629 0.080603 0.516739
3 0.799430 0.682225 0.733087 0.627790 0.705083 0.688466 0.771426 0.742901
3 0.591873 0.887206 0.560937 0.858333 0.518656 0.938870 0.549591 0.967743
3 0.242347 0.306555 0.217043 0.191846 0.135579 0.223792 0.160883 0.338502
3 0.179063 0.423333 0.138750 0.315833 0.081875 0.353750 0.122188 0.461250
3 0.402597 0.278069 0.363725 0.241047 0.318961 0.324606 0.357834 0.361627
3 0.632031 0.786458 0.579687 0.716667 0.521094 0.794792 0.573438 0.864583
3 0.635325 0.867997 0.608486 0.821987 0.577764 0.853846 0.604603 0.899856
3 0.693750 0.572917 0.659375 0.527083 0.607812 0.595833 0.642188 0.641667
