0 0.29093749999999996 0.37791666666666673 0.25093750000000004 0.27125000000000005 0.2090625 0.2991666666666667 0.24906250000000002 0.40583333333333343
0 0.8149999999999998 0.47250000000000003 0.778125 0.4479166666666668 0.7465625 0.5320833333333334 0.7834375 0.5566666666666666
0 0.6003686327077749 0.40945040214477224 0.5613857238605898 0.3892370420017874 0.533411528150134 0.4851485701519214 0.5723944369973191 0.5053619302949063
0 0.5918445121951219 0.5208841463414634 0.5579268292682926 0.48470528455284556 0.5118902439024391 0.5614329268292683 0.5458079268292683 0.5976117886178861
0 0.5171875 0.4979166666666668 0.478125 0.4979166666666668 0.478125 0.59375 0.5171875 0.59375
0 0.5995312499999998 0.6106250000000001 0.5879687499999999 0.564375 0.51859375 0.5952083333333333 0.53015625 0.6414583333333332
0 0.6409374999999999 0.4950000000000001 0.6028125 0.46958333333333346 0.570625 0.5554166666666667 0.60875 0.5808333333333334
0 0.659375 0.32083333333333347 0.6140625 0.32083333333333347 0.6140625 0.4187500000000001 0.659375 0.4187500000000001
0 0.649375 0.10583333333333347 0.609375 0.07916666666666673 0.5734375 0.17500000000000007 0.6134375000000001 0.2016666666666668
0 0.4484375 0.3437500000000001 0.40625 0.3437500000000001 0.40625 0.44583333333333347 0.4484375 0.44583333333333347
