0 0.1140625 0.7791666666666667 0.10911057692307691 0.7263461538461538 0.05334134615384615 0.7356410256410256 0.05829326923076923 0.7884615384615384
0 0.20078125000000008 0.8593750000000002 0.17500000000000004 0.8250000000000001 0.13593750000000004 0.8770833333333334 0.16171875000000008 0.9114583333333336
0 0.3442738970588235 0.20366421568627455 0.30494485294117646 0.17029411764705885 0.26692095588235293 0.24996323529411768 0.30624999999999997 0.2833333333333334
0 0.5900466160220993 0.4249309392265193 0.5573290745856353 0.38566988950276243 0.5034875690607734 0.4654350828729282 0.5362051104972374 0.504696132596685
0 0.5044662610619468 0.516924778761062 0.45423119469026546 0.44037610619469036 0.4241426991150442 0.4754793510324485 0.4743777654867257 0.5520280235988202
0 0.561514423076923 0.36801282051282064 0.5374759615384616 0.31192307692307697 0.46781249999999996 0.36500000000000005 0.4918509615384615 0.4210897435897437
0 0.2844423076923077 0.3671346153846154 0.21200961538461544 0.3617692307692308 0.2096538461538462 0.4183076923076923 0.28208653846153847 0.42367307692307693
0 0.675 0.34791666666666676 0.596875 0.34791666666666676 0.596875 0.41041666666666676 0.675 0.41041666666666676
2 0.61875 0.2708333333333334 0.5359375 0.2708333333333334 0.5359375 0.33958333333333346 0.61875 0.33958333333333346
2 0.516875 0.47416666666666674 0.484375 0.3875 0.440625 0.4166666666666667 0.473125 0.5033333333333334
