1 0.1876579249617152 0.6397077590607453 0.1328579632465544 0.5965320316488004 0.09017993874425731 0.6928311638591118 0.1449799004594181 0.7360068912710567
3 1.0067334254143645 0.731503222836096 0.9687413674033148 0.6752186924493555 0.8822427486187845 0.7790170349907919 0.9202348066298341 0.8353015653775324
3 0.9542644817073169 0.7329928861788619 0.9288948170731706 0.641178861788618 0.8333155487804877 0.6881300813008131 0.8586852134146341 0.779944105691057
0 0.9385817307692308 0.832371794871795 0.8610096153846156 0.7732692307692309 0.8372596153846155 0.8286858974358977 0.9148317307692307 0.8877884615384617
0 0.25601896887159536 0.704928664072633 0.18024075875486387 0.6986138132295721 0.17787572957198453 0.7490677691309987 0.253653939688716 0.7553826199740598
0 0.7457423327137546 0.6550882899628253 0.6684189126394051 0.5757822180916978 0.6344388940520445 0.6346809169764563 0.7117623141263939 0.7139869888475838
0 0.19099759615384615 0.7920993589743591 0.17199519230769228 0.699198717948718 0.1277043269230769 0.7153044871794872 0.14670673076923074 0.8082051282051282
0 0.8656250000000002 0.6937500000000002 0.76625 0.6275000000000001 0.74 0.6975 0.8393750000000001 0.7637500000000002
0 0.8652259615384615 0.7615769230769232 0.7713990384615386 0.717423076923077 0.7591682692307693 0.7636282051282054 0.8529951923076922 0.8077820512820516
0 0.8015625 0.7958333333333333 0.74765625 0.7239583333333336 0.71484375 0.7677083333333335 0.7687499999999999 0.8395833333333335
0 0.24885646687697163 0.6675670347003155 0.20179416403785488 0.5877037329127236 0.16335764984227133 0.6279705573080968 0.21041995268138808 0.7078338590956889
