1 0.24905196629213483 0.5736891385767791 0.18388342696629217 0.5193820224719102 0.15421348314606745 0.582677902621723 0.21938202247191013 0.6369850187265917
3 0.45437794811320764 0.6363404088050315 0.4044811320754717 0.5165880503144654 0.35313974056603775 0.5546187106918239 0.40303655660377363 0.6743710691823901
3 0.5146139705882353 0.45710784313725483 0.5045036764705882 0.4031862745098039 0.41148897058823525 0.43419117647058825 0.4215992647058823 0.4881127450980392
0 0.5286664603960396 0.6115305280528054 0.4819461633663368 0.6053011551155116 0.4752784653465348 0.694203795379538 0.5219987623762377 0.7004331683168318
0 0.944073275862069 0.86566091954023 0.9140086206896552 0.7654454022988505 0.8671336206896552 0.7904454022988505 0.8971982758620689 0.8906609195402299
0 0.4421875 0.7583333333333333 0.40625 0.7583333333333333 0.40625 0.8479166666666667 0.4421875 0.8479166666666667
0 0.6093750000000001 0.6791666666666668 0.5765625 0.6354166666666666 0.52578125 0.703125 0.5585937500000001 0.7468750000000001
0 0.3496798155737705 0.7161372950819672 0.34417264344262294 0.6353654371584699 0.3057120901639344 0.6400273224043715 0.311219262295082 0.7207991803278688
0 0.834375 0.30000000000000016 0.79140625 0.2427083333333335 0.7171875 0.3416666666666668 0.76015625 0.39895833333333347
0 0.5339978448275863 0.7206178160919541 0.4627155172413794 0.6798850574712645 0.4459051724137931 0.7321839080459771 0.5171875000000001 0.7729166666666667
0 0.46172496684350134 0.8810289566755085 0.4544305371352785 0.8348309018567639 0.388204575596817 0.8534206454465074 0.39549900530503984 0.899618700265252
2 0.7343750000000001 0.8895833333333333 0.66078125 0.856875 0.6459374999999999 0.91625 0.7195312500000001 0.9489583333333333
