0 0.8557921974522295 0.28792462845010625 0.8301751592356688 0.26929405520169847 0.8037221337579616 0.33395700636942677 0.8293391719745223 0.35258757961783455
0 0.728125 0.6333333333333334 0.6890625 0.6333333333333333 0.6890625 0.7083333333333334 0.728125 0.7083333333333335
0 0.314039689781022 0.7572080291970804 0.27169822080291983 0.7308622262773724 0.23301779197080305 0.8413777372262774 0.2753592609489052 0.8677235401459854
0 0.21875000000000008 0.8375 0.17343750000000008 0.8375 0.17343750000000008 0.9229166666666667 0.21875000000000008 0.9229166666666667
0 0.3827047413793104 0.17047413793103453 0.3114224137931035 0.12974137931034488 0.294207974137931 0.18329741379310352 0.3654903017241379 0.22403017241379317
0 0.26624740663900415 0.9426953665283542 0.2452411825726141 0.8376642461964039 0.2049792531120332 0.8519795988934994 0.22598547717842318 0.9570107192254496
0 0.7359375 0.7583333333333334 0.7015625 0.7583333333333333 0.7015625 0.8395833333333335 0.7359375 0.8395833333333336
0 0.3550551470588235 0.2665441176470589 0.34273897058823527 0.20085784313725488 0.26148897058823534 0.22794117647058823 0.27380514705882353 0.2936274509803922
0 0.6921557741116751 0.6110088832487311 0.6356361040609138 0.605626057529611 0.6331297588832487 0.6524111675126905 0.6896494289340102 0.6577939932318106
0 0.4704219357976654 0.22683203631647217 0.38929353112840465 0.22007133592736713 0.3862718871595331 0.28453307392996113 0.4674002918287938 0.29129377431906617
0 0.8378513313609467 0.23804240631163717 0.8082285502958578 0.22158530571992116 0.7849297337278106 0.29614151873767264 0.8145525147928993 0.31259861932938865
