1 0.7110518292682926 0.3576219512195121 0.6401676829268292 0.28201219512195125 0.6014481707317073 0.34654471544715443 0.6723323170731706 0.4221544715447153
1 0.5929544563512806 0.7198194371841784 0.5757628724516465 0.5966130859034675 0.5177772151071615 0.6109971249346576 0.5349687990067956 0.7342034762153685
3 0.7995192307692307 0.3823717948717949 0.7461538461538461 0.27564102564102566 0.6394230769230769 0.3705128205128205 0.6927884615384615 0.4772435897435897
3 0.636875 0.3495833333333334 0.5616056034482758 0.23097701149425304 0.4631950431034483 0.3420043103448277 0.5384644396551723 0.4606106321839081
0 0.7493990384615384 0.6314102564102566 0.7079326923076923 0.5945512820512823 0.6620192307692309 0.6863782051282054 0.7034855769230769 0.7232371794871797
0 0.8226612261146498 0.4539808917197453 0.7724124203821656 0.41743630573248414 0.7296576433121019 0.521947983014862 0.7799064490445861 0.5584925690021232
0 0.6453125 0.44166666666666676 0.5609375 0.44166666666666676 0.5609375 0.5062500000000001 0.6453125 0.5062500000000001
0 0.61109375 0.7735416666666667 0.595625 0.7116666666666667 0.5173437499999999 0.7464583333333333 0.5328124999999999 0.8083333333333333
0 0.4653596187175043 0.562341132293472 0.4635073656845753 0.5030690352397458 0.384932842287695 0.5074342865395726 0.3867850953206239 0.5667063835932987
0 0.4960937499999999 0.4010416666666667 0.42062499999999997 0.3675 0.40453124999999995 0.431875 0.47999999999999987 0.4654166666666667
0 0.8917134831460674 0.10273876404494384 0.8589712078651685 0.032888576779026304 0.7537745786516853 0.12055243445692886 0.7865168539325842 0.1904026217228464
0 0.6765625 0.8625 0.6 0.8625 0.6 0.9375 0.6765625 0.9375
