1 0.8241154386343993 0.8527603716508213 0.758932044079516 0.8135101555747625 0.7401199222126188 0.8690507058484587 0.8053033167675021 0.9083009219245176
1 0.42235576923076923 0.6552884615384617 0.3725961538461539 0.6110576923076925 0.34831730769230773 0.6596153846153847 0.3980769230769231 0.703846153846154
1 0.990625 0.8958333333333336 0.9515625 0.8958333333333336 0.9515625 0.9708333333333335 0.990625 0.9708333333333335
1 0.5672475961538461 0.9087339743589743 0.5541466346153846 0.8213942307692308 0.5174879807692307 0.8311698717948718 0.5305889423076923 0.9185096153846153
1 0.1 0.09375000000000001 0.03750000000000001 0.09375 0.03750000000000001 0.14375 0.1 0.14375
1 0.6390625 0.7291666666666666 0.590625 0.7291666666666666 0.590625 0.81875 0.6390625 0.81875
1 0.9439015302066773 0.6698396926338105 0.8688121025437203 0.6303987811340754 0.8533597476152626 0.6826990593534713 0.9284491752782195 0.7221399708532064
1 0.75725 0.3927499999999999 0.71975 0.3260833333333332 0.68025 0.36558333333333326 0.71775 0.4322499999999999
3 0.1771007390745502 0.8075299914310198 0.1371545629820053 0.7761996572407883 0.10393637532133684 0.8514942159383033 0.1438825514138818 0.8828245501285347
2 0.36062500000000003 0.6387499999999999 0.33156250000000004 0.5612499999999999 0.2996875 0.5824999999999999 0.32875 0.6599999999999999
2 0.7622717696629213 0.949929775280899 0.7333918539325843 0.8883192883895131 0.7078300561797753 0.909620786516854 0.7367099719101123 0.9712312734082398
