1 0.11925480769230774 0.5446153846153846 0.048870192307692344 0.5328846153846153 0.044134615384615425 0.5833974358974358 0.11451923076923083 0.5951282051282051
1 0.41875 0.61875 0.3750000000000001 0.61875 0.3750000000000001 0.7229166666666667 0.41875 0.7229166666666667
1 0.7996120689655171 0.6891235632183909 0.7479202586206897 0.6278591954022991 0.718092672413793 0.6726005747126439 0.7697844827586204 0.7338649425287357
1 0.24068903688524595 0.8051058743169398 0.23705174180327876 0.7517588797814209 0.16280737704918033 0.7607581967213116 0.16644467213114753 0.8141051912568306
1 0.4543498811581677 0.5257220541630655 0.41118868841832323 0.5240294583693461 0.40901172212618847 0.6227185969461251 0.4521729148660329 0.6244111927398445
1 0.5890625 0.5958333333333333 0.534375 0.5958333333333333 0.534375 0.675 0.5890625 0.675
1 0.6976442307692308 0.7602884615384615 0.6584855769230769 0.7196794871794873 0.617764423076923 0.7894871794871796 0.6569230769230769 0.8300961538461539
1 0.7095645580589256 0.6748158578856156 0.6774750866551125 0.635452772963605 0.6265272963604852 0.7092901502021953 0.6586167677642982 0.7486532351242059
0 0.6979542525773195 0.4350085910652922 0.683263530927835 0.3909364261168386 0.6255637886597938 0.4251288659793815 0.6402545103092784 0.4692010309278351
0 0.74125 0.04208333333333337 0.68375 0.0037500000000000827 0.6678124999999999 0.0462500000000001 0.7253124999999999 0.08458333333333339
