1 0.9727934380776337 0.28007162661737534 0.8991970887245839 0.24525184842883554 0.8841699399260626 0.3017174984596427 0.9577662892791124 0.3365372766481825
1 0.7607518564356436 0.37044141914191425 0.7566058168316832 0.3151608910891089 0.682657797029703 0.32502062706270624 0.6868038366336634 0.3803011551155116
1 0.45109374999999996 0.8752083333333333 0.43734375 0.8202083333333332 0.37499999999999994 0.8479166666666665 0.38875 0.9029166666666666
1 0.8225919117647058 0.8834068627450979 0.7965625 0.8429166666666668 0.7426470588235293 0.9045343137254901 0.7686764705882353 0.9450245098039214
1 0.24929815573770492 0.8109562841530056 0.22771004098360653 0.7451639344262294 0.15025102459016396 0.7903483606557377 0.17183913934426234 0.8561407103825137
1 0.8428879310344826 0.5737068965517244 0.7755387931034483 0.5377873563218392 0.7574353448275862 0.5981321839080461 0.8247844827586206 0.6340517241379312
1 0.34453124999999996 0.4885416666666667 0.29453125 0.42187500000000017 0.26171875000000006 0.4656250000000002 0.31171874999999993 0.5322916666666667
1 0.8659258828996282 0.44956319702602243 0.8248292286245353 0.42299566294919466 0.7918738382899628 0.5136229863692691 0.8329704925650556 0.5401905204460967
1 0.82453125 0.8147916666666667 0.8115625000000002 0.7629166666666666 0.7534375 0.78875 0.76640625 0.840625
1 0.7679956896551724 0.6620689655172415 0.7529094827586207 0.6117816091954024 0.6904094827586207 0.6451149425287356 0.7054956896551724 0.6954022988505747
1 0.6746783088235294 0.4756740196078432 0.6692463235294117 0.3815196078431374 0.6206158088235294 0.38650735294117655 0.6260477941176471 0.4806617647058824
1 0.8016154950765862 0.6152147155361054 0.750030771334792 0.568444566010212 0.7246016821663019 0.6183055251641142 0.7761864059080963 0.6650756746900076
