1 0.9184347181008903 0.1398677052423345 0.8772626112759644 0.10898862512364005 0.8371615356083086 0.20404302670623153 0.8783336424332345 0.23492210682492598
1 0.21065257352941175 0.6324387254901961 0.1755238970588235 0.5588357843137255 0.13386948529411763 0.5941789215686274 0.1689981617647059 0.6677818627450981
1 0.7869615998176848 0.3031240504405957 0.7270268345487695 0.2590341081738075 0.7060833523245215 0.3096475235490734 0.7660181175934367 0.3537374658158615
1 0.2966636273209549 0.19873452696728566 0.24823441644562333 0.18514036251105226 0.2325016578249337 0.2847811671087534 0.2809308687002653 0.2983753315649868
1 0.3628125 0.1033333333333334 0.3140625 0.0708333333333334 0.2746875000000001 0.1758333333333334 0.3234375 0.2083333333333334
1 0.5436296106557377 0.7796823770491803 0.5272617827868851 0.723910519125683 0.4651664959016394 0.7563080601092894 0.48153432377049177 0.8120799180327869
1 0.6399871926229508 0.8660621584699456 0.6035783811475411 0.8470662568306013 0.5809631147540986 0.9241256830601096 0.6173719262295082 0.9431215846994537
1 0.6453125 0.7270833333333333 0.6015625 0.7270833333333333 0.6015625 0.8145833333333333 0.6453125 0.8145833333333333
2 0.5859375 0.5583333333333333 0.528125 0.5583333333333333 0.528125 0.60625 0.5859375 0.60625
2 0.14577434392265204 0.786216620626151 0.10140711325966856 0.7831031307550644 0.09788933011049729 0.8722203038674032 0.14225656077348076 0.8753337937384899
