1 0.7296875 0.10625000000000012 0.68125 0.10625000000000012 0.68125 0.18958333333333346 0.7296875 0.18958333333333346
1 0.8140625 0.37708333333333344 0.765625 0.3125000000000001 0.73515625 0.3531250000000002 0.78359375 0.4177083333333335
1 0.4218115482233502 0.6425655668358714 0.4187658629441624 0.5857127749576987 0.35558375634517764 0.5917301184433162 0.35862944162436544 0.648582910321489
1 0.397625 0.5070000000000001 0.36487499999999995 0.47425 0.3283124999999999 0.5392500000000001 0.36106249999999995 0.5720000000000002
1 0.7395529084158416 0.3796637788778876 0.7111958539603962 0.2953197194719472 0.6728821163366339 0.3182198844884489 0.7012391707920793 0.4025639438943893
1 0.4241586538461538 0.40769230769230774 0.39415173867228653 0.3788856691253952 0.356483798735511 0.4486411134527573 0.3864907139093783 0.4774477520196699
1 0.783173076923077 0.22948717948717964 0.7214423076923077 0.2191987179487181 0.7163461538461539 0.27355769230769245 0.7780769230769231 0.283846153846154
1 0.7009615384615383 0.43349358974358976 0.687920673076923 0.3465544871794872 0.6482572115384616 0.35713141025641026 0.661298076923077 0.4440705128205128
1 0.5179687500000001 0.49895833333333345 0.4718750000000001 0.4375000000000001 0.4429687500000001 0.47604166666666686 0.48906250000000007 0.5375000000000001
1 0.5227872109826588 0.6401974951830443 0.5140805635838149 0.5647398843930636 0.4763908959537573 0.5724710982658958 0.48509754335260113 0.6479287090558766
1 0.6678124999999999 0.6058333333333334 0.639978448275862 0.5728448275862071 0.600926724137931 0.6314224137931036 0.6287607758620689 0.66441091954023
