1 0.42012058597748203 0.6313502217673148 0.4116379861821903 0.5436966905493005 0.361118219037871 0.552388263391334 0.3696008188331627 0.6400417946093483
1 0.6696883852691219 0.45046624173748834 0.6235614376770539 0.4215238432483476 0.5852115793201133 0.5301817752596791 0.6313385269121813 0.5591241737488198
1 0.509375 0.85 0.4578125 0.85 0.4578125 0.9541666666666667 0.509375 0.9541666666666667
1 0.10980945121951227 0.6602032520325204 0.0416387195121952 0.6182520325203252 0.021608231707317117 0.6761178861788619 0.08977896341463418 0.7180691056910571
1 0.4953125 0.4916666666666668 0.415625 0.4916666666666668 0.415625 0.54375 0.4953125 0.54375
1 0.7614889705882353 0.5300245098039215 0.7501838235294118 0.4697303921568627 0.6773897058823529 0.49399509803921565 0.6886948529411765 0.5542892156862744
1 0.3704270130183221 0.5839099164255868 0.32463385969141756 0.5544338637094183 0.2925069310511089 0.6431653809064611 0.33830008437801345 0.6726414336226295
1 0.8396139705882353 0.4033088235294119 0.7863051470588236 0.38553921568627464 0.7659007352941177 0.49436274509803935 0.8192095588235295 0.5121323529411765
3 0.6825 0.7054166666666667 0.66625 0.6620833333333334 0.599375 0.7066666666666668 0.615625 0.75
3 0.2656250000000001 0.5375 0.2093750000000001 0.5375 0.2093750000000001 0.6458333333333334 0.2656250000000001 0.6458333333333334
