1 0.7631144662921349 0.5653558052434458 0.7619368517718237 0.5119706136560069 0.6887005726015557 0.5148426246038605 0.6898781871218669 0.5682278161912994
1 0.8890086206896551 0.8633620689655175 0.8248922413793103 0.8267241379310346 0.8058189655172414 0.8860632183908047 0.8699353448275863 0.9227011494252876
1 0.41088362068965517 0.6366379310344829 0.3710129310344828 0.6153735632183909 0.34084051724137926 0.715948275862069 0.3807112068965517 0.737212643678161
1 0.53125 0.5958333333333333 0.459375 0.5958333333333333 0.459375 0.6625 0.53125 0.6625
1 0.30745192307692315 0.7878205128205128 0.28581730769230773 0.744551282051282 0.22127403846153845 0.8019230769230768 0.24290865384615387 0.8451923076923077
1 0.31760023584905656 0.5081761006289308 0.30533608490566033 0.45094339622641516 0.23971108490566034 0.4759433962264152 0.25197523584905657 0.5331761006289307
1 0.3319393382352941 0.6536151960784314 0.31001838235294116 0.6049019607843137 0.25395220588235295 0.6497549019607842 0.2758731617647059 0.698468137254902
1 0.48796576568894945 0.4766129490677581 0.454893204297408 0.4385985106866759 0.4082100528649387 0.5108017849022285 0.4412826142564802 0.5488162232833106
1 0.6113124999999999 0.32641666666666674 0.5818124999999998 0.2969166666666668 0.5369999999999999 0.3765833333333334 0.5665 0.40608333333333335
1 0.8401173857868018 0.43864213197969554 0.7668305837563453 0.4316624365482235 0.7637452411167513 0.4892554991539765 0.837032043147208 0.4962351945854485
