1 0.8498478982300884 0.41554203539823015 0.8191648230088496 0.36878687315634223 0.7681692477876105 0.4282817109144544 0.7988523230088495 0.47503687315634224
1 0.7604779411764705 0.747549019607843 0.7455882352941176 0.6681372549019609 0.7080882352941177 0.6806372549019609 0.7229779411764705 0.760049019607843
1 0.887834176300578 0.5981454720616571 0.8198518786127169 0.5842003853564548 0.8133309248554914 0.6407153179190753 0.8813132225433525 0.6546604046242777
1 0.33086397058823547 0.7912254901960786 0.2774632352941177 0.7301960784313728 0.2466911764705883 0.7780637254901962 0.30009191176470607 0.8390931372549022
1 0.3390625000000001 0.6375 0.2875000000000001 0.6375 0.2875000000000001 0.74375 0.3390625000000001 0.74375
1 0.7091594827586207 0.6882183908045978 0.6926724137931035 0.6369252873563218 0.6394935344827587 0.6673132183908046 0.655980603448276 0.7186063218390806
1 0.4653125 0.3758333333333334 0.4296875 0.3520833333333334 0.40031250000000007 0.4304166666666668 0.4359375 0.4541666666666668
1 0.5789062500000001 0.8218750000000001 0.5453125000000001 0.7770833333333335 0.5007812500000001 0.8364583333333335 0.534375 0.8812500000000002
1 0.7044719827586208 0.8215517241379312 0.6662176724137929 0.8011494252873563 0.6403556034482757 0.8873563218390805 0.6786099137931034 0.9077586206896553
1 0.7284007352941175 0.3443627450980394 0.6607536764705882 0.3218137254901962 0.6509191176470589 0.374264705882353 0.7185661764705882 0.39681372549019617
1 0.38820224719101126 0.6005852059925094 0.33511235955056184 0.5563436329588016 0.31079705056179785 0.6082162921348316 0.36388693820224727 0.6524578651685395
