1 0.3496875000000001 0.6512500000000002 0.30843750000000003 0.6329166666666668 0.2853125000000001 0.7254166666666666 0.32656250000000014 0.74375
1 0.9016981075216972 0.6213516554162652 0.838120781099325 0.5804283188685313 0.8197896576663452 0.6310571359691419 0.8833669840887174 0.6719804725168758
1 0.39003232758620693 0.8696839080459771 0.3733836206896552 0.8178879310344828 0.30625 0.8562500000000001 0.32289870689655176 0.9080459770114945
1 0.2840582770270271 0.9089245495495496 0.24976773648648654 0.8762668918918919 0.21397804054054062 0.9430743243243245 0.24826858108108113 0.975731981981982
1 0.7548119469026549 0.5975110619469028 0.7087389380530974 0.5273045722713866 0.674004424778761 0.5678281710914456 0.7200774336283186 0.6380346607669618
1 0.30459992038216566 0.5324363057324841 0.25354896496815293 0.5300053078556265 0.2510330414012739 0.6239331210191085 0.3020839968152867 0.6263641188959661
1 0.9577812499999998 0.4705416666666667 0.9517499999999999 0.41425000000000006 0.8607499999999998 0.4315833333333334 0.8667812499999998 0.487875
1 0.6366009615384615 0.7224935897435899 0.6079110576923076 0.6425096153846155 0.5616899038461538 0.6719839743589745 0.5903798076923076 0.7519679487179489
3 0.44451357466063335 0.8978506787330317 0.4218537895927601 0.8132541478129715 0.38483455882352935 0.8308823529411765 0.4074943438914026 0.9154788838612368
2 0.5738597972972974 0.6778716216216217 0.5353462837837839 0.6693130630630632 0.5255912162162162 0.7473536036036037 0.5641047297297297 0.7559121621621624
2 0.93984375 0.3822916666666668 0.90390625 0.33437500000000014 0.84453125 0.41354166666666686 0.88046875 0.4614583333333335
3 0.7172499999999999 0.6860000000000002 0.7104374999999999 0.6224166666666666 0.6189999999999999 0.6398333333333334 0.6258124999999999 0.7034166666666668
