2 0.49171874999999987 0.3581250000000001 0.40265625 0.3185416666666667 0.385 0.3891666666666667 0.47406249999999994 0.42875
2 0.69921875 0.40312499999999996 0.6778125 0.3175 0.5704687500000001 0.36520833333333336 0.591875 0.4508333333333333
2 0.6633413461538462 0.8118589743589745 0.6494591346153846 0.7193108974358975 0.5463942307692309 0.7467948717948718 0.5602764423076924 0.8393429487179488
1 0.421875 0.3145833333333333 0.35875 0.2725 0.31031250000000005 0.40166666666666667 0.3734375 0.44375
1 0.5910845588235294 0.4371323529411764 0.5396599264705882 0.32285539215686276 0.4734834558823529 0.375796568627451 0.524908088235294 0.49007352941176463
1 0.68 0.58 0.6334375000000001 0.45583333333333326 0.5653124999999999 0.50125 0.6118750000000001 0.6254166666666667
1 0.7680473372781066 0.4635848126232742 0.7405417899408284 0.3755670611439842 0.6248243343195267 0.43985453648915185 0.6523298816568047 0.5278722879684419
1 0.596551724137931 0.5468390804597701 0.5026400862068965 0.4931752873563219 0.47871767241379304 0.5676005747126438 0.5726293103448274 0.6212643678160921
1 0.6218290441176471 0.6174632352941177 0.5613970588235293 0.5691176470588236 0.503079044117647 0.6987132352941178 0.5635110294117647 0.7470588235294119
1 0.6882665094339622 0.7098270440251574 0.6691627358490565 0.620676100628931 0.5744398584905659 0.6567610062893083 0.5935436320754717 0.7459119496855348
