1 0.3837224264705883 0.4321446078431374 0.32529411764705884 0.4261519607843139 0.3218841911764706 0.48525735294117656 0.3803125000000001 0.4912500000000001
1 0.5521634615384615 0.3459935897435898 0.5300480769230769 0.30176282051282044 0.47487980769230764 0.3508012820512819 0.49699519230769235 0.39503205128205127
1 0.45735651750972767 0.547227626459144 0.41776507782101174 0.5439283398184177 0.4138436284046693 0.6275859273670559 0.45343506809338524 0.6308852140077821
1 0.7873713235294117 0.6044362745098038 0.7784742647058822 0.5510539215686274 0.7116360294117646 0.5708578431372549 0.720533088235294 0.6242401960784313
1 0.4882812500000001 0.6906250000000002 0.4625000000000001 0.6562500000000001 0.4234375 0.7083333333333336 0.44921875 0.7427083333333335
1 0.5677884615384615 0.885576923076923 0.538701923076923 0.827403846153846 0.5062499999999999 0.8562499999999998 0.5353365384615384 0.9144230769230769
2 0.5071153846153845 0.6166025641025641 0.49240384615384614 0.582275641025641 0.44074519230769227 0.6216346153846154 0.45545673076923066 0.6559615384615385
2 0.6106386325503356 0.6251747762863537 0.5545721476510067 0.611982662192394 0.5485790687919463 0.6572637024608503 0.6046455536912752 0.67045581655481
2 0.6391469594594594 0.590990990990991 0.6340160472972973 0.5476632882882883 0.5731165540540542 0.5604842342342342 0.5782474662162163 0.6038119369369369
3 0.4357628676470588 0.5178063725490196 0.43261948529411764 0.46332107843137255 0.3708455882352942 0.46965686274509805 0.3739889705882353 0.524142156862745
1 0.23410932837852894 0.5240050383604472 0.17321931223544787 0.49595823406387235 0.1627780440350466 0.5362571561437167 0.22366806017812765 0.5643039604402914
1 0.8926427632317807 0.7844600571319263 0.8605240091182044 0.7550174811316893 0.8321193811844992 0.8101045245590458 0.8642381352980756 0.8395471005592828
1 0.9470109375 0.3686604166666667 0.9210103193215877 0.30747752512845195 0.8897439021088971 0.33109912275893294 0.9157445202873093 0.39228201429714776
1 0.08601007317329437 0.23076294815166226 0.03416312804324151 0.15756506016396662 0.0013283575050464624 0.1989113058489142 0.05317530263509932 0.27210919383660986
