1 0.4994025735294117 0.4958946078431372 0.4157169117647058 0.30992647058823525 0.3369025735294118 0.37297794117647054 0.4205882352941176 0.5589460784313725
1 0.3212346311475411 0.5739412568306013 0.2106931352459017 0.4829993169398908 0.16970389344262302 0.5715737704918034 0.2802453893442624 0.6625157103825139
1 0.2853210616438356 0.9526084474885845 0.2767422945205479 0.8439440639269405 0.1998801369863014 0.8547317351598172 0.20845890410958906 0.9633961187214611
1 0.3703125000000001 0.65625 0.2578125000000001 0.65625 0.2578125000000001 0.7604166666666666 0.3703125000000001 0.7604166666666666
1 0.49845588235294136 0.5800980392156864 0.35832720588235295 0.538578431372549 0.34027573529411764 0.6468872549019609 0.48040441176470594 0.6884068627450982
1 0.6775614754098361 0.5270150273224045 0.6181352459016394 0.43193306010928956 0.5151639344262294 0.5463456284153005 0.5745901639344262 0.6414275956284154
1 0.7527657390510949 0.6364735401459853 0.7120095802919708 0.5200273722627737 0.5767734945255475 0.6041742700729926 0.6175296532846715 0.7206204379562043
2 0.5218008160237388 0.8082776953511376 0.4911141505934717 0.6621507171117705 0.424986090504451 0.6868385262116715 0.45567275593471807 0.8329655044510387
2 0.6172028856673961 0.7689027169948943 0.5533540754923414 0.6437089715536106 0.48300738512035013 0.7074899708242159 0.546856195295405 0.8326837162654998
3 0.604326923076923 0.8309294871794873 0.45021210407239814 0.7575414781297134 0.4176187782805429 0.8792232277526395 0.5717335972850679 0.9526112368024134
