2 0.52875 0.3433333333333334 0.47906250000000006 0.21083333333333334 0.4234375 0.2479166666666667 0.473125 0.38041666666666674
2 0.5101668552036199 0.3795437405731524 0.42048925339366516 0.3368401206636501 0.40048076923076925 0.4115384615384616 0.490158371040724 0.45424208144796385
2 0.4293626237623762 0.7998349834983499 0.4226639851485149 0.7105198019801979 0.3538211633663366 0.7196988448844883 0.36051980198019795 0.8090140264026402
1 0.37187500000000007 0.86875 0.3156250000000001 0.86875 0.3156250000000001 0.975 0.37187500000000007 0.975
1 0.4345403740875913 0.8748251216545014 0.3868099908759124 0.8451262165450124 0.3545563412408759 0.9372795012165451 0.4022867244525548 0.9669784063260342
1 0.4336862968904246 0.7975721865745311 0.3370326382033565 0.7947083744652848 0.33583801209279385 0.8663859410990459 0.4324916707798619 0.8692497532082923
1 0.4515625 0.6416666666666667 0.3921875000000001 0.6416666666666667 0.3921875000000001 0.75625 0.4515625 0.75625
1 0.4721863382899628 0.5776270136307313 0.3892123605947956 0.5561152416356878 0.3784131040892194 0.6301672862453531 0.4613870817843867 0.6516790582403966
1 0.4881163990825688 0.5707951070336392 0.46566800458715596 0.47102446483180427 0.4110521788990825 0.49287079510703363 0.4335005733944953 0.5926414373088685
1 0.4747713414634146 0.44933943089430883 0.4212271341463415 0.39222560975609755 0.36634908536585364 0.48368902439024386 0.41989329268292674 0.5408028455284551
1 0.5864577845100105 0.12886591148577461 0.5264826462065332 0.07915678784685642 0.464491405426765 0.21212350720056203 0.5244665437302423 0.2618326308394802
