2 0.47560096153846165 0.2665064102564102 0.3954206730769232 0.1290544871794871 0.3388461538461539 0.18772435897435893 0.41902644230769237 0.3251762820512821
2 0.731868093922652 0.6227417127071825 0.7106923342541436 0.5508724677716391 0.6070459254143646 0.605163443830571 0.6282216850828729 0.6770326887661143
2 0.7959375000000001 0.5891666666666666 0.7725000000000001 0.5266666666666667 0.695625 0.5779166666666667 0.7190625 0.6404166666666666
2 0.9326239224137932 0.8688577586206898 0.8844450431034483 0.8650790229885058 0.8795743534482758 0.9754813218390805 0.9277532327586208 0.9792600574712645
2 0.9801562500000001 0.8960416666666666 0.9763038793103449 0.8087212643678161 0.9244612068965516 0.8127873563218391 0.9283135775862068 0.9001077586206896
1 0.594787853577371 0.2888089295618414 0.4722088186356073 0.2456364392678869 0.45178244592346095 0.3487409872434831 0.5743614808652246 0.39191347753743766
1 0.55703125 0.41770833333333335 0.51171875 0.3572916666666668 0.43125 0.46458333333333346 0.4765625 0.525
1 0.638885556621881 0.44085892514395403 0.6033229366602686 0.3546465131158031 0.5173104606525911 0.4177223288547667 0.5528730806142035 0.5039347408829176
1 0.6247673357664233 0.5848114355231143 0.6164461678832116 0.4886557177615572 0.502992700729927 0.5061100973236009 0.5113138686131387 0.6022658150851581
1 0.7462756849315069 0.5340753424657535 0.7190389554794521 0.4541809360730595 0.6103809931506848 0.5200342465753426 0.6376177226027397 0.5999286529680367
1 0.8510803167420814 0.6031334841628961 0.7542491515837104 0.600386500754148 0.752830882352941 0.6892647058823531 0.8496620475113122 0.6920116892911012
1 0.7632691018766755 0.7129345397676499 0.6996841487935658 0.705048033958892 0.6915340147453084 0.8218666219839144 0.7551189678284181 0.8297531277926722
1 0.8833277027027027 0.8725450450450453 0.8558614864864864 0.7535247747747749 0.8023902027027029 0.7754617117117117 0.8298564189189191 0.8944819819819821
