1 0.6710263324873095 0.44249153976311345 0.634408312182741 0.4222884940778343 0.6058169416243654 0.5144162436548224 0.6424349619289339 0.5346192893401015
1 0.6921875 0.36875000000000013 0.6515625 0.36875000000000013 0.6515625 0.45208333333333345 0.6921875 0.45208333333333345
1 0.7878767123287671 0.39731164383561646 0.7136986301369863 0.3869006849315069 0.7087928082191781 0.4490410958904111 0.7829708904109589 0.4594520547945206
1 0.6694232912332838 0.5729011887072809 0.6511190564635958 0.5261236998514118 0.5946763558692422 0.5653881872213969 0.6129805906389301 0.6121656760772661
1 0.6080564024390244 0.5633231707317072 0.5979268292682927 0.5002947154471544 0.5435060975609757 0.5158434959349594 0.5536356707317073 0.5788719512195121
1 0.6187205188679246 0.5803459119496857 0.5547464622641509 0.5559748427672957 0.5420695754716982 0.6151336477987424 0.6060436320754718 0.6395047169811323
1 0.5057750000000001 0.5067937500000002 0.46127734374999996 0.4474635416666668 0.4290078125 0.4904895833333335 0.47350546875 0.549819791666667
1 0.5095193970637778 0.45299389332420986 0.4540724764537732 0.4097171352879782 0.43378044085390427 0.45593669466868564 0.48922736146390894 0.49921345270491735
2 0.5590086206896552 0.552471264367816 0.5536206896551723 0.466264367816092 0.5123706896551724 0.47084770114942537 0.5177586206896552 0.5570545977011494
2 0.6479687500000001 0.31270833333333325 0.6273437500000001 0.2302083333333333 0.5828125 0.25000000000000006 0.6034375 0.3325000000000001
3 0.45337500000000003 0.46225000000000005 0.41175000000000006 0.3882500000000001 0.3682500000000001 0.4317500000000001 0.4098750000000001 0.50575
1 0.5548285018600317 0.36987158930528435 0.5115169168360303 0.36265506710483103 0.5032312725645428 0.45106068875408584 0.5465428575885444 0.45827721095453916
