2 0.9502245101596518 0.4567247218190614 0.927709996371553 0.42140783744557325 0.8797691400580551 0.47574080793420415 0.9022836538461538 0.5110576923076923
2 0.3164592889908257 0.9225420489296637 0.30845470183486234 0.8611735474006116 0.24317373853211013 0.8763111620795107 0.2511783256880734 0.9376796636085628
1 0.7902248475609758 0.8277184959349596 0.7351753048780488 0.8195630081300815 0.7302400914634146 0.8787855691056913 0.7852896341463417 0.8869410569105693
1 0.6955698529411765 0.9586274509803923 0.6923161764705883 0.9022303921568627 0.6334099264705884 0.9082720588235293 0.6366636029411765 0.9646691176470589
1 0.4641875 0.9428333333333333 0.45624999999999993 0.8687499999999999 0.41534375 0.8765416666666666 0.42328124999999994 0.950625
1 0.4647453083109919 0.43656724754244874 0.4222792392761394 0.4116538203753352 0.3948621816353888 0.4947358132260948 0.4373282506702413 0.5196492403932083
1 0.43515625 0.4072916666666668 0.40234375 0.36354166666666676 0.3453125 0.43958333333333344 0.378125 0.48333333333333345
1 0.3632311320754717 0.44533805031446544 0.3600737028301887 0.3485102201257862 0.320813679245283 0.3507861635220126 0.323971108490566 0.4476139937106919
1 0.42317879434954014 0.2552973061760841 0.42121283672798954 0.1530675098554534 0.3763304862023653 0.15460194918966275 0.3782964438239159 0.2568317455102935
1 0.9514534198113207 0.34540487421383664 0.922494103773585 0.318985849056604 0.8840536556603773 0.39389544025157247 0.9130129716981132 0.4203144654088051
1 0.9791852086220224 0.31980389686323923 0.9526028342963334 0.24004658321171277 0.9082874999999999 0.2663041666666666 0.9348698743256891 0.34606148031819306
