1 0.5382551070038911 0.4430577172503244 0.496828793774319 0.41098573281452666 0.4504717898832684 0.517435149156939 0.49189810311284055 0.5495071335927368
1 0.5988869863013699 0.8775684931506851 0.5617123287671232 0.824189497716895 0.5242551369863013 0.8705650684931505 0.561429794520548 0.9239440639269407
1 0.7019037969283277 0.6315486348122867 0.629106228668942 0.6201294084186576 0.6230802047781571 0.6884243458475542 0.6958777730375427 0.6998435722411833
1 0.7478341584158416 0.844038778877888 0.6819164127951255 0.7973470423965473 0.656749809596344 0.8605102817974105 0.72266755521706 0.9072020182787511
1 0.9066105769230768 0.6836538461538463 0.8691105769230768 0.6503205128205128 0.8292067307692307 0.7301282051282051 0.8667067307692307 0.7634615384615384
1 0.897299494219653 0.6526372832369941 0.8862265173410403 0.5566714836223506 0.8425487716763005 0.565631021194605 0.8536217485549132 0.6615968208092485
1 0.9412318686006824 0.6249971558589309 0.9153455631399314 0.529416951080774 0.8722269624573377 0.5501777588168377 0.8981132679180884 0.6457579635949945
1 0.9632004310344826 0.25754310344827597 0.9306142241379309 0.21892241379310368 0.883028017241379 0.2903017241379313 0.9156142241379307 0.3289224137931036
2 0.2717027755591054 0.5380091853035144 0.26825579073482425 0.4231096911608094 0.20317242412140574 0.42658080404685833 0.20661940894568684 0.5414802981895634
2 0.6511380057803469 0.6901372832369944 0.5856213872832371 0.6766979768786128 0.579353323699422 0.7310211946050097 0.6448699421965318 0.7444605009633913
2 0.829482581967213 0.9009221311475409 0.7987448770491803 0.8517418032786885 0.7388063524590164 0.9183401639344262 0.7695440573770492 0.9675204918032787
2 0.939344262295082 0.789549180327869 0.897079918032787 0.7425887978142077 0.8718493852459017 0.7829576502732241 0.9141137295081968 0.8299180327868854
2 0.9640625 0.5708333333333335 0.925 0.5708333333333335 0.925 0.6479166666666669 0.9640625 0.6479166666666669
