2 0.409375 0.6208333333333333 0.34843750000000007 0.6208333333333333 0.34843750000000007 0.675 0.409375 0.675
2 0.5658047945205479 0.7710559360730594 0.5395547945205479 0.7385559360730595 0.499820205479452 0.7956107305936074 0.526070205479452 0.8281107305936074
2 0.8651509831460673 0.28476123595505615 0.8510358146067414 0.2032069288389513 0.8116660814606742 0.21532069288389513 0.82578125 0.296875
2 0.7979065953038674 0.9532170810313078 0.7948463397790055 0.8756906077348068 0.7647487914364641 0.8778027163904237 0.767809046961326 0.9553291896869247
1 0.46875 0.75 0.4164663461538461 0.703525641025641 0.3912259615384615 0.7540064102564102 0.4435096153846154 0.8004807692307694
1 0.36316081389452337 0.7912039384719407 0.29266607505070996 0.776043779580798 0.285202205882353 0.8377450980392158 0.35569694472616636 0.8529052569303585
1 0.2570237445414847 0.5029457787481806 0.2328329694323144 0.45541302765647745 0.17655021834061133 0.506335516739447 0.2007409934497816 0.5538682678311501
1 0.3860336538461538 0.5622756410256411 0.3679326923076922 0.4737820512820514 0.3246995192307692 0.4895032051282052 0.34280048076923075 0.577996794871795
1 0.51755343866171 0.32040737298636945 0.461071096654275 0.2624767657992566 0.4325511152416356 0.3119114002478316 0.48903345724907055 0.36984200743494444
1 0.6359375 0.38333333333333347 0.5984375 0.38333333333333347 0.5984375 0.47291666666666676 0.6359375 0.47291666666666676
1 0.8438793103448274 0.38665229885057467 0.8070689655172414 0.3314367816091955 0.7752586206896551 0.36913793103448284 0.8120689655172413 0.424353448275862
1 0.5770432692307693 0.5967948717948718 0.5438701923076923 0.530448717948718 0.5060096153846154 0.5641025641025642 0.5391826923076923 0.630448717948718
