2 0.45781250000000007 0.3604166666666667 0.397591911764706 0.29159313725490205 0.36659926470588244 0.33980392156862754 0.4268198529411765 0.40862745098039227
2 0.5745962078651685 0.44002808988764053 0.5311657303370786 0.43451310861423226 0.523883426966292 0.5364653558052433 0.567313904494382 0.5419803370786517
2 0.6902382425742575 0.7322400990099013 0.6360922029702971 0.7250206270627064 0.6300278465346535 0.8058787128712872 0.6841738861386139 0.813098184818482
1 0.39385917030567696 0.871925036390102 0.34971069868995636 0.8516903202328966 0.32013919213973796 0.9663919213973798 0.3642876637554586 0.9866266375545851
1 0.5324135243467933 0.9012396080760094 0.530364830760095 0.822023456057007 0.487043497624703 0.8240152414885193 0.48909219121140135 0.9032313935075218
1 0.6096874999999999 0.7512500000000001 0.5490625 0.7108333333333334 0.5240625000000001 0.7775000000000001 0.5846875 0.8179166666666667
1 0.5895772058823529 0.5676715686274509 0.5793933823529411 0.5065686274509803 0.49965073529411763 0.5301960784313724 0.5098345588235293 0.591299019607843
1 0.7959375000000001 0.5504166666666668 0.7596875000000001 0.5262500000000002 0.7281250000000001 0.6104166666666669 0.764375 0.6345833333333335
1 0.8769234328726554 0.5070726390259955 0.8402054540967423 0.4602439124712078 0.7883205824284303 0.5325682790391577 0.8250385612043434 0.5793970055939455
1 0.9927029639175255 0.659879725085911 0.9735019329896906 0.6022766323024056 0.9076836340206185 0.6412800687285224 0.9268846649484536 0.6988831615120276
