3 0.78515625 0.6281250000000003 0.70859375 0.5260416666666669 0.659375 0.5916666666666669 0.7359375 0.6937500000000002
2 0.5683088235294117 0.5431862745098038 0.5576102941176471 0.47899509803921575 0.4724080882352942 0.5042401960784314 0.4831066176470588 0.5684313725490195
2 0.547588857827476 0.6383785942492011 0.5454098442492012 0.5657448083067091 0.46822084664536734 0.5698615548455803 0.470399860223642 0.6424953407880722
2 0.7419047982885086 0.5044315403422984 0.7338019559902201 0.43240627546862265 0.6432610024449877 0.4505144661776691 0.6513638447432762 0.5225397310513448
1 0.2453125 0.1041666666666667 0.1515625 0.1041666666666667 0.1515625 0.1791666666666667 0.2453125 0.17916666666666672
1 0.36472977941176465 0.22281617647058832 0.3091911764705882 0.19264705882352948 0.2776672794117646 0.2958161764705883 0.33320588235294113 0.3259852941176471
1 0.4971532012195121 0.38958841463414634 0.4658384146341463 0.32506097560975605 0.39522103658536584 0.3859857723577235 0.42653582317073163 0.4505132113821138
1 0.5384656983930779 0.43653945199835203 0.5042606613102596 0.3711037288833952 0.42443120364647713 0.4452886794396375 0.45863624072929543 0.5107244025545943
1 0.8128990384615383 0.4345769230769231 0.8080336538461538 0.31780769230769224 0.7406201923076923 0.322801282051282 0.7454855769230769 0.4395705128205128
1 0.9350643382352942 0.6098651960784314 0.9033547794117649 0.5393995098039215 0.8153492647058824 0.6098039215686274 0.8470588235294118 0.6802696078431372
1 0.6361878517823639 0.6227009068167605 0.6211925422138835 0.49524077548467793 0.5583993902439025 0.5083739837398373 0.5733946998123829 0.6358341150719199
1 0.3112323113207548 0.6097091194968555 0.2609202179570593 0.6028288332248971 0.2523971210149643 0.713629093472132 0.30270921437865983 0.7205093797440904
