2 0.18906250000000005 0.35625 0.12500000000000006 0.35625 0.12500000000000006 0.4791666666666667 0.18906250000000005 0.4791666666666667
2 0.7578125 0.9000000000000001 0.690625 0.9 0.690625 0.9520833333333335 0.7578125 0.9520833333333336
2 0.8564155436802974 0.8850255576208178 0.847885687732342 0.7978314745972739 0.8064707249070633 0.8050340768277572 0.8150005808550187 0.8922281598513011
1 0.7175100344036698 0.8774751529051988 0.6740897362385321 0.8463016055045872 0.6354071100917431 0.9420871559633028 0.6788274082568807 0.9732607033639143
1 0.34723557692307694 0.512820512820513 0.2997355769230769 0.4019871794871795 0.24807692307692308 0.4413461538461538 0.2955769230769231 0.5521794871794873
1 0.668483231707317 0.5842987804878048 0.6623666158536585 0.5108993902439024 0.5790205792682926 0.5232469512195121 0.5851371951219513 0.5966463414634146
1 0.7111533505154638 0.5953350515463919 0.6779639175257731 0.5588917525773197 0.6358827319587629 0.6270231958762887 0.6690721649484536 0.6634664948453609
1 0.8486168032786885 0.34429644808743176 0.7880635245901639 0.27701502732240435 0.7557889344262294 0.32865437158469946 0.816342213114754 0.39593579234972687
1 0.8320071978335232 0.7545324971493729 0.8161755273660203 0.6525061763587989 0.7717930444697834 0.6647496199163816 0.7876247149372861 0.7667759407069554
1 0.799066178121429 0.7763752648864617 0.7597191912259353 0.7188411095050846 0.7222659996611596 0.7643768123059337 0.7616129865566531 0.8219109676873109
1 0.843156172101444 0.7733435027849916 0.8235304688285243 0.7404233440378355 0.7769891610849288 0.7897497375086366 0.7966148643578486 0.8226698962557928
