2 0.5143014705882353 0.7687745098039218 0.4610294117647058 0.6859068627450982 0.4237132352941176 0.7285539215686275 0.476985294117647 0.8114215686274512
2 0.4284375000000001 0.6658333333333335 0.37612500000000004 0.5728333333333334 0.34037500000000004 0.6085833333333335 0.3926875000000001 0.7015833333333336
2 0.465962268128162 0.861207138842046 0.3929358136593593 0.827339797639123 0.37630427908937614 0.8910940134907251 0.4493307335581789 0.9249613546936482
3 0.6771410579345088 0.8139011335012596 0.6017710957178842 0.7616446263643998 0.5715581706549119 0.8391136649874056 0.6469281328715366 0.8913701721242655
3 0.3342774390243902 0.5395873983739836 0.33133993902439024 0.4142540650406504 0.24602286585365857 0.4178089430894308 0.24896036585365855 0.5431422764227641
1 0.12115519662921352 0.07638108614232214 0.05770716292134832 0.056858614232209746 0.03885182584269663 0.16580056179775282 0.10229985955056183 0.1853230337078652
1 0.2987758536923931 0.3886787432907644 0.24311927401443642 0.2804576161391819 0.19663034425319265 0.3229617804923191 0.2522869239311494 0.4311829076439016
1 0.6575969827586208 0.2763649425287357 0.6188038793103449 0.14705459770114945 0.5595366379310345 0.17866379310344835 0.5983297413793103 0.30797413793103456
1 0.19522058823529415 0.4213235294117647 0.14375 0.40416666666666673 0.12500000000000003 0.5041666666666668 0.17647058823529418 0.5213235294117647
1 0.23272498803255148 0.6412707435774693 0.225 0.5833333333333334 0.1493358066060316 0.6012685495452369 0.15706079463858305 0.6592059597893729
1 0.28593750000000007 0.58125 0.2328125000000001 0.58125 0.2328125000000001 0.68125 0.28593750000000007 0.68125
1 0.4569827586206898 0.4695258620689656 0.3968534482758621 0.462844827586207 0.38961206896551726 0.5787068965517242 0.44974137931034497 0.5853879310344828
1 0.4917548076923076 0.6620512820512819 0.4849759615384615 0.5897435897435896 0.41170673076923076 0.6019551282051281 0.418485576923077 0.6742628205128204
