3 0.7323105569948188 0.5853734887737481 0.6846097797927462 0.5482728842832472 0.6395563471502591 0.6512521588946462 0.6872571243523317 0.6883527633851471
3 0.6653125000000001 0.6783333333333335 0.6521875 0.6433333333333333 0.5890625 0.6854166666666667 0.6021875000000001 0.7204166666666668
2 0.8565445696721312 0.5852629781420766 0.7856813524590166 0.5766734972677597 0.7813268442622954 0.640539617486339 0.8521900614754099 0.649129098360656
2 0.5767017326732674 0.4606435643564357 0.4843440594059407 0.4483292079207921 0.47880569306930704 0.5221740924092411 0.5711633663366337 0.5344884488448847
2 0.5562338362068966 0.6316163793103448 0.5005441810344827 0.6272485632183908 0.4949515086206896 0.7540158045977012 0.5506411637931035 0.7583836206896551
1 0.5529649146211313 0.5376689790110282 0.4633696304695838 0.5237782372821062 0.4568828375133405 0.5981601298470296 0.546478121664888 0.6120508715759516
1 0.42624231557377046 0.5390539617486338 0.42063268442622953 0.4567793715846994 0.3086321721311475 0.47035519125683056 0.31424180327868856 0.5526297814207649
1 0.8389008620689655 0.7005028735632185 0.8183189655172413 0.631896551724138 0.7485452586206897 0.6691091954022989 0.7691271551724139 0.7377155172413794
1 0.83109375 0.7027083333333335 0.7856249999999999 0.6825 0.7601562499999999 0.7843750000000002 0.805625 0.8045833333333334
1 0.16443141391112934 0.5912489867297614 0.055220040053607075 0.5353722680146435 0.028100997895586198 0.6296021820868077 0.13731237175310845 0.6854789008019256
1 0.6672924699674858 0.5374858196758548 0.5928250112957776 0.4740498722597987 0.5632359244942211 0.5358003238088603 0.6377033831659293 0.5992362712249164
1 0.6130401775025976 0.6812866679702676 0.5666895722814604 0.5808703503199905 0.5303799058289635 0.6106658621753832 0.5767305110501008 0.7110821798256605
1 0.8882935430990534 0.7286934291560406 0.8408391431885072 0.695887644686365 0.8032087889106219 0.7926578892999951 0.8506631888211681 0.8254636737696708
