1 0.2531381597417181 0.659607196331649 0.20117911285794499 0.5653881246490736 0.14865068781583385 0.6168865805727121 0.20060973469960697 0.7111056522552874
1 0.37046875 0.6410416666666667 0.2959558823529412 0.5778186274509804 0.2646231617647059 0.6434681372549019 0.33913602941176474 0.7066911764705883
1 0.66453125 0.6789583333333333 0.64140625 0.5864583333333333 0.58890625 0.6097916666666666 0.6120312499999999 0.7022916666666666
1 0.7826956068353069 0.3973728471474705 0.7318529668998923 0.3926432992465017 0.7261588401506998 0.501464388231073 0.7770014800861142 0.5061939361320419
1 0.5270588235294118 0.8248529411764707 0.48692095588235296 0.7907965686274511 0.4378952205882354 0.893517156862745 0.4780330882352942 0.9275735294117647
2 0.18335209797891036 0.4891677650849443 0.08185824912126542 0.46046243409490334 0.06957518673110724 0.5376702548330404 0.17106903558875217 0.5663755858230815
2 0.41105769230769235 0.642948717948718 0.3685096153846154 0.5578525641025642 0.33317307692307696 0.5892628205128206 0.37572115384615384 0.6743589743589744
2 0.4046875 0.7291666666666666 0.3546875000000001 0.7291666666666666 0.3546875000000001 0.8541666666666666 0.4046875 0.8541666666666666
2 0.1386200221238938 0.896349557522124 0.08122234513274332 0.8088864306784661 0.03996128318584073 0.8570243362831858 0.09735896017699122 0.9444874631268436
2 0.8386065573770495 0.6771038251366122 0.7852996926229509 0.6331045081967213 0.7631557377049181 0.6807991803278687 0.8164626024590167 0.7247984972677596
1 0.7246297675925572 0.76271921499937 0.6509312393624123 0.7365135360074268 0.6380424410972801 0.8009532045125302 0.711740969327425 0.8271588835044735
1 0.7994561425992075 0.7689833024688026 0.7306186941478836 0.7497723950397196 0.7212192018865489 0.8096492185598335 0.7900566503378726 0.8288601259889165
1 0.3288043749687074 0.676628511903459 0.24891179166777572 0.623369706395363 0.21942952382386643 0.7019933928645309 0.2993221071247981 0.755252198372627
