1 0.6934374999999999 0.4758333333333334 0.6134375 0.42250000000000004 0.5825 0.505 0.6625 0.5583333333333333
1 0.7271285483628718 0.5638198407930309 0.7009499849804747 0.4912179583458496 0.6039088314809252 0.5534238259737659 0.6300873948633223 0.6260257084209473
1 0.928125 0.2729166666666668 0.8609375 0.2729166666666668 0.8609375 0.40000000000000013 0.928125 0.40000000000000013
1 0.9825307377049182 0.7520491803278692 0.8887038934426231 0.7406762295081969 0.883580942622951 0.815812841530055 0.977407786885246 0.8271857923497271
1 0.8079095615103531 0.8722391392610639 0.7663729445797807 0.841225131952903 0.7290175852618758 0.9301664636622005 0.7705542021924481 0.9611804709703614
1 0.5902360643921191 0.7825214239948742 0.5435667948101874 0.752167427518821 0.500393440653532 0.8701745955470128 0.5470627102354636 0.9005285920230659
1 0.49164823008849556 0.8087020648967552 0.45041482300884955 0.7458702064896755 0.3924502212389381 0.8134955752212389 0.4336836283185841 0.8763274336283187
1 0.47193640829694317 0.8900109170305678 0.4309374999999999 0.8529166666666667 0.3839819868995633 0.9451801310043668 0.42498089519650656 0.9822743813682677
2 0.27936451342281876 0.6543847874720358 0.2696078020134228 0.566574384787472 0.1649601510067114 0.5872455257270693 0.17471686241610737 0.675055928411633
2 0.7289408185840707 0.803816371681416 0.7249446902654866 0.7238938053097345 0.6443653207964603 0.7310564159292035 0.6483614491150442 0.8109789823008849
2 0.7411637931034483 0.9330459770114943 0.7160560344827587 0.849353448275862 0.669989224137931 0.8739224137931034 0.6950969827586208 0.9576149425287357
1 0.8943404110087341 0.6665618659602519 0.826695295064097 0.5932752001796513 0.7903706025500796 0.6528813269020486 0.8580157184947167 0.7261679926826491
