1 0.2706400495750708 0.08374055712936736 0.24270095609065154 0.00457979225684609 0.20041165014164303 0.031114258734655356 0.22835074362606234 0.11027502360717661
1 0.3324314024390244 0.4233231707317074 0.2640053353658537 0.4131859756097561 0.2584794207317074 0.47949695121951225 0.3269054878048781 0.48963414634146346
1 0.42847675546930136 0.5755484003763821 0.38242876676076215 0.5567881086803105 0.3560107180663373 0.672066866619619 0.4020587067748765 0.6908271583156905
1 0.3896995192307693 0.6057532051282052 0.32598557692307695 0.5396794871794872 0.2932572115384615 0.5957852564102564 0.35697115384615385 0.6618589743589745
1 0.343125 0.6545833333333333 0.30593750000000003 0.5554166666666667 0.2678125 0.5808333333333333 0.30500000000000005 0.6799999999999999
1 0.2530649038461538 0.6850160256410256 0.24038461538461536 0.6004807692307692 0.19591346153846154 0.6123397435897435 0.20859375 0.6968749999999999
1 0.06408105700712588 0.877800870942201 0.06178555522565321 0.7890414687252573 0.018195145486935866 0.7910456254948534 0.02049064726840855 0.8798050277117971
1 0.28459682642487044 0.9206260794473231 0.22376457253886 0.8675928324697755 0.2004226036269429 0.9151921416234887 0.2612548575129533 0.9682253886010362
3 0.4040441176470588 0.4388480392156863 0.34558823529411764 0.41936274509803934 0.32720588235294124 0.5174019607843138 0.3856617647058823 0.5368872549019609
2 0.32859375 0.551875 0.315625 0.5000000000000001 0.26078125 0.524375 0.27375 0.57625
2 0.27235109060402685 0.5454026845637584 0.2528565436241611 0.49741610738255027 0.19144714765100668 0.5417673378076062 0.21094169463087242 0.5897539149888144
2 0.2875000000000001 0.6020833333333333 0.24375000000000008 0.6020833333333333 0.24375000000000008 0.6979166666666666 0.2875000000000001 0.6979166666666666
