2 0.25718065693430664 0.7979957420924575 0.22909671532846723 0.7625212895377129 0.1802372262773723 0.8312864963503651 0.2083211678832117 0.8667609489051097
2 0.5101295731707317 0.6453048780487805 0.4390625 0.625 0.43131097560975606 0.6732317073170732 0.5023780487804878 0.6935365853658536
2 0.2314182692307692 0.7748717948717948 0.22941346153846148 0.7267564102564102 0.16961538461538464 0.7311858974358975 0.17162019230769232 0.779301282051282
1 0.142923643187067 0.7430571593533488 0.11585955542725172 0.69193610469592 0.06610854503464206 0.7387605850654351 0.09317263279445731 0.7898816397228638
1 0.5649461760925449 0.7186696658097689 0.5389580655526991 0.6597632819194517 0.45927056555269913 0.7222632819194515 0.485258676092545 0.7811696658097688
1 0.741635321903429 0.5331161068346164 0.6719296710986703 0.4618614415675299 0.6396638820853744 0.5179758572428272 0.7093695328901329 0.5892305225099137
1 0.74375 0.5708333333333334 0.6609375 0.5708333333333333 0.6609375 0.64375 0.74375 0.6437500000000002
1 0.8729079041854739 0.5810388455751607 0.8661295906852688 0.5072305430173711 0.7644337299958968 0.5238339488442074 0.7712120434961018 0.597642251401997
1 0.8046740384615383 0.6013435897435897 0.7533365384615385 0.5717435897435899 0.7199365384615384 0.6747269230769232 0.7712740384615382 0.7043269230769231
3 0.695 0.7154166666666667 0.6580159198113207 0.6433451257861637 0.6020017688679244 0.6944457547169812 0.6389858490566037 0.7665172955974844
1 0.44564472866659466 0.6159115624972817 0.37374198321248625 0.5741248320102603 0.3562661680463637 0.6275839756122878 0.42816891350047215 0.6693707060993094
1 0.16994690706768914 0.8076577498650936 0.1489899148543932 0.7568608867263081 0.097928945286704 0.7943114701945478 0.11888593749999994 0.8451083333333334
