2 0.1982484076433121 0.2758094479830149 0.1473427547770701 0.23878715498938433 0.10494625796178347 0.3424230360934183 0.1558519108280255 0.37944532908704887
2 0.446875 0.6854166666666667 0.4 0.6854166666666667 0.4 0.7708333333333334 0.446875 0.7708333333333334
2 0.754326923076923 0.8413461538461541 0.7074519230769232 0.7996794871794876 0.686298076923077 0.8419871794871798 0.7331730769230769 0.8836538461538465
2 0.5403125 0.8716666666666667 0.5254687499999999 0.8122916666666666 0.46734374999999995 0.8381249999999999 0.48218750000000005 0.8975000000000001
2 0.3379587155963303 0.8193998470948013 0.31963876146788994 0.7379778287461776 0.27993119266055044 0.7538608562691134 0.29825114678899084 0.8352828746177371
2 0.8082612456747406 0.5460135524798155 0.7701448961937716 0.5189085928489043 0.7383109861591695 0.5984933679354096 0.7764273356401383 0.6255983275663208
2 0.5577461870026525 0.8879199823165342 0.5406187831564987 0.8529039566755086 0.49014423076923075 0.8967948717948719 0.5072716346153847 0.9318108974358975
2 0.5007075471698113 0.3633647798742139 0.4522110849056604 0.34488993710691834 0.427682783018868 0.4593553459119498 0.4761792452830189 0.4778301886792453
1 0.3859375000000001 0.7333333333333333 0.3375000000000001 0.7333333333333333 0.3375000000000001 0.8041666666666667 0.3859375000000001 0.8041666666666667
1 0.31581659836065573 0.4638101092896175 0.30477868852459017 0.40167076502732235 0.22258811475409832 0.42762568306010923 0.23362602459016393 0.4897650273224044
0 0.4997740024937657 0.756026600166251 0.42901340399002497 0.7513092269326683 0.4270339775561098 0.804093931837074 0.4977945760598505 0.8088113050706568
0 0.60271875 0.05795833333333344 0.5580937499999999 0.049458333333333444 0.5454999999999999 0.1670000000000001 0.5901249999999999 0.17550000000000007
