2 0.56703125 0.5077083333333334 0.5473437499999999 0.4289583333333333 0.5154687499999999 0.443125 0.53515625 0.5218750000000001
2 0.3140625 0.29791666666666666 0.2703125 0.29791666666666666 0.2703125 0.3958333333333333 0.3140625 0.3958333333333333
2 0.8259615384615383 0.7939102564102565 0.8127403846153847 0.7057692307692308 0.7766826923076924 0.7153846153846153 0.7899038461538461 0.803525641025641
2 0.6984375 0.4541666666666667 0.6734375 0.38749999999999996 0.6403125 0.40958333333333324 0.6653125 0.47625000000000006
2 0.8640625000000002 0.6395833333333336 0.83984375 0.6072916666666669 0.79375 0.6687500000000003 0.8179687500000001 0.7010416666666669
2 0.403440366972477 0.25137614678899084 0.38572964449541286 0.20752102446483184 0.3303827408256881 0.24725726299694195 0.34809346330275226 0.29111238532110095
2 0.44461538461538463 0.41243589743589754 0.37758413461538465 0.3880608974358975 0.36759615384615385 0.4368910256410257 0.4346274038461539 0.4612660256410258
2 0.4613685344827586 0.2777298850574714 0.42311422413793104 0.25732758620689666 0.3962823275862069 0.3467672413793104 0.43453663793103453 0.3671695402298852
2 0.41670258620689654 0.2734913793103449 0.37925646551724135 0.25352011494252874 0.3553340517241379 0.3332614942528736 0.3927801724137931 0.35323275862068976
2 0.3578125 0.36666666666666664 0.3109375 0.36666666666666664 0.3109375 0.46041666666666664 0.3578125 0.46041666666666664
2 0.7047465365239294 0.5695424013434089 0.6513539042821159 0.5470612930310665 0.6411760075566751 0.5900346347607055 0.6945686397984886 0.612515743073048
2 0.6493566176470588 0.37781862745098044 0.6185661764705881 0.353186274509804 0.5869944852941176 0.4233455882352942 0.6177849264705882 0.44797794117647066
2 0.7424632352941176 0.6827205882352942 0.6838970588235294 0.6653676470588236 0.6764338235294117 0.7101470588235295 0.7349999999999999 0.7275000000000001
2 0.7648798076923078 0.6574679487179489 0.7101923076923077 0.6158012820512823 0.6929807692307692 0.6559615384615386 0.7476682692307693 0.6976282051282053
