2 0.7421875 0.6020833333333334 0.6859375 0.6020833333333333 0.6859375 0.6562500000000001 0.7421875 0.6562500000000002
2 0.11417025862068968 0.1586925287356322 0.08270474137931035 0.05380747126436781 0.03879310344827586 0.07722701149425286 0.07025862068965519 0.18211206896551727
2 0.3399616745283019 0.5838246855345912 0.32109375 0.5385416666666668 0.2619251179245283 0.582370283018868 0.28079304245283015 0.6276533018867924
2 0.4390625 0.47500000000000014 0.3734375 0.47500000000000014 0.37343750000000003 0.5291666666666668 0.4390625 0.5291666666666668
2 0.278233292079208 0.49647277227722775 0.23739170792079212 0.4910272277227723 0.23217821782178222 0.5605404290429044 0.27301980198019804 0.5659859735973599
2 0.7536983944954129 0.4706039755351682 0.7347333715596329 0.38631498470948017 0.6934489678899084 0.4028287461773701 0.7124139908256881 0.4871177370030581
2 0.59375 0.6666666666666666 0.5359375 0.6666666666666666 0.5359375 0.71875 0.59375 0.71875
2 0.5384139150943396 0.3655267295597485 0.46659787735849056 0.3381682389937108 0.45392099056603774 0.39732704402515734 0.5257370283018867 0.4246855345911951
3 0.23750000000000004 0.44375 0.19531250000000006 0.44375 0.19531250000000006 0.5375 0.2375000000000001 0.5375
3 0.4379702970297029 0.6379372937293729 0.41751701732673263 0.5771018976897689 0.34317759900990097 0.6215346534653465 0.3636308787128713 0.6823700495049505
