2 0.4488710623324397 0.470087689901698 0.41410229557640754 0.44969001340482584 0.3846577580428955 0.5389158847184987 0.4194265247989276 0.5593135612153709
2 0.25 0.12083333333333336 0.2046875 0.12083333333333336 0.2046875 0.19375000000000006 0.25 0.19375000000000006
2 0.09884159482758618 0.7554238505747127 0.07588900862068966 0.6840158045977012 0.04269935344827584 0.7029813218390805 0.06565193965517238 0.7743893678160919
2 0.8829507743362832 0.22568215339233036 0.877993639380531 0.12653945427728613 0.8281111725663717 0.1309734513274336 0.8330683075221239 0.23011615044247785
2 0.3930147058823529 0.389828431372549 0.35215073529411767 0.37772058823529414 0.33788602941176477 0.4633088235294118 0.3787499999999999 0.47541666666666665
2 0.14218750000000008 0.6895833333333333 0.08125000000000007 0.6895833333333333 0.08125000000000007 0.7479166666666667 0.14218750000000008 0.7479166666666667
2 0.2817788461538462 0.283525641025641 0.24427884615384618 0.19602564102564102 0.2028846153846154 0.22756410256410256 0.24038461538461542 0.31506410256410255
2 0.13906250000000003 0.63125 0.08437500000000006 0.63125 0.08437500000000006 0.69375 0.13906250000000003 0.69375
2 0.9905070754716983 0.2672169811320754 0.9672169811320757 0.21132075471698109 0.8950471698113208 0.2647798742138365 0.9183372641509434 0.3206761006289308
2 0.48817887931034487 0.4933045977011495 0.4337392241379311 0.4872557471264368 0.42885775862068976 0.5653591954022988 0.48329741379310354 0.5714080459770116
2 0.506525 0.5749333333333335 0.4763812499999999 0.5471083333333335 0.43852499999999994 0.6200166666666668 0.46866874999999997 0.6478416666666668
2 0.5042187499999999 0.3918749999999999 0.49406250000000007 0.35125000000000006 0.4359375 0.3770833333333333 0.44609375 0.41770833333333324
