2 0.4015625 0.3833333333333334 0.3046875 0.38333333333333336 0.3046875 0.46041666666666664 0.4015625 0.46041666666666675
2 0.5982536764705881 0.7115196078431371 0.5769301470588235 0.5977941176470588 0.514797794117647 0.6185049019607843 0.5361213235294117 0.7322303921568626
2 0.7593750000000001 0.8854166666666671 0.71796875 0.8302083333333335 0.659375 0.9083333333333335 0.7007812500000001 0.9635416666666671
2 0.42408926104972383 0.2814053867403316 0.3190348756906078 0.2740331491712708 0.31488691298342547 0.37911487108655634 0.41994129834254157 0.3864871086556171
2 0.396875 0.21875000000000006 0.34765625 0.15312500000000007 0.265625 0.2625000000000001 0.31484375 0.3281250000000001
2 0.2172045951859956 0.39126549963530266 0.20540207877461705 0.30864788475565275 0.08219365426695842 0.3399389132020422 0.09399617067833696 0.42255652808169214
2 0.56875 0.3229166666666668 0.4953125 0.3229166666666668 0.4953125 0.47708333333333347 0.56875 0.47708333333333347
2 0.35901442307692305 0.6600961538461537 0.35406249999999995 0.5412499999999999 0.28950480769230763 0.5460320512820512 0.29445673076923073 0.6648782051282052
1 0.899 0.6760000000000002 0.77103125 0.6516250000000002 0.76134375 0.7420416666666667 0.8893125 0.7664166666666666
1 0.579375 0.5050000000000001 0.4875 0.44375000000000014 0.4603125 0.51625 0.5521875 0.5775000000000001
