2 0.6447150735294118 0.5104779411764706 0.6110753676470588 0.4357230392156862 0.5777573529411765 0.4623774509803921 0.6113970588235295 0.5371323529411766
2 0.5475 0.70375 0.5228125 0.6379166666666668 0.47781250000000003 0.6679166666666667 0.5025000000000001 0.73375
2 0.6782169117647059 0.9192401960784315 0.6677389705882353 0.8633578431372549 0.6125919117647058 0.8817401960784313 0.6230698529411764 0.937622549019608
2 0.23125 0.1666666666666667 0.1875 0.1666666666666667 0.18750000000000003 0.27708333333333335 0.23125 0.27708333333333335
2 0.41187500000000005 0.7066666666666667 0.396875 0.6666666666666665 0.34687500000000004 0.7 0.36187500000000006 0.7400000000000001
2 0.6390625 0.5270833333333335 0.5609375 0.5270833333333335 0.5609375 0.5833333333333334 0.6390625 0.5833333333333334
2 0.5741084558823529 0.8616299019607844 0.5709191176470588 0.8063480392156864 0.5095036764705883 0.8126470588235295 0.5126930147058825 0.8679289215686274
2 0.3578125000000001 0.5208333333333334 0.3218750000000001 0.5208333333333334 0.3218750000000001 0.6 0.3578125000000001 0.6
0 0.575 0.7 0.5078125 0.7 0.5078125 0.7479166666666667 0.575 0.7479166666666667
0 0.5140832411504425 0.9670814896755162 0.510764657079646 0.9007098082595869 0.4783047566371682 0.9035951327433628 0.4816233407079646 0.9699668141592921
