2 0.6734375000000001 0.9041666666666669 0.6243990384615385 0.8605769230769231 0.5835336538461539 0.9423076923076923 0.6325721153846156 0.9858974358974361
2 0.2875 0.15000000000000005 0.1546875 0.15000000000000002 0.15468750000000003 0.26458333333333334 0.2875 0.2645833333333334
2 0.35252403846153846 0.5769230769230768 0.3147836538461538 0.5014423076923076 0.2235576923076923 0.5825320512820512 0.26129807692307694 0.6580128205128204
2 0.7680866745283019 0.6265919811320757 0.7158166273584905 0.5878734276729561 0.671373820754717 0.6945361635220126 0.7236438679245284 0.7332547169811322
2 0.4458782327586207 0.28990660919540245 0.3894935344827586 0.2576867816091955 0.34641702586206896 0.3917025862068966 0.402801724137931 0.4239224137931036
2 0.95 0.5187500000000002 0.89375 0.5187500000000002 0.89375 0.6270833333333335 0.95 0.6270833333333335
2 0.659375 0.5645833333333333 0.571875 0.5645833333333333 0.571875 0.6479166666666667 0.659375 0.6479166666666667
2 0.740625 0.7291666666666667 0.653125 0.7291666666666666 0.653125 0.7916666666666666 0.740625 0.7916666666666667
1 0.7837271341463415 0.5098577235772359 0.6767149390243904 0.49400406504065053 0.669893292682927 0.5758638211382116 0.7769054878048781 0.5917174796747969
1 0.7001716040462428 0.6662210982658959 0.6094111271676301 0.6476035645472062 0.6004696531791908 0.7250963391136803 0.6912301300578034 0.74371387283237
3 0.8287500000000001 0.38500000000000006 0.7740625000000001 0.23916666666666675 0.7190625 0.27583333333333343 0.77375 0.42166666666666675
3 0.828125 0.6250000000000002 0.74375 0.6250000000000002 0.74375 0.7083333333333336 0.828125 0.7083333333333336
