2 0.3893588362068966 0.851616379310345 0.37440732758620693 0.8051005747126437 0.31443965517241385 0.8393678160919541 0.32939116379310346 0.8858836206896553
2 0.7645220588235293 0.4524509803921569 0.7344209558823528 0.4283700980392158 0.7056066176470588 0.49240196078431375 0.7357077205882352 0.5164828431372549
2 0.4005514705882353 0.6487745098039216 0.39393382352941175 0.6134803921568628 0.34172794117647054 0.6308823529411766 0.3483455882352941 0.6661764705882353
2 0.7135670731707316 0.6690548780487805 0.6877743902439024 0.5945426829268293 0.6534908536585364 0.6156402439024392 0.6792835365853657 0.6901524390243903
2 0.3531250000000001 0.6604166666666667 0.28593750000000007 0.6604166666666667 0.28593750000000007 0.7125 0.3531250000000001 0.7125
2 0.2357783018867925 0.4117845911949686 0.19311320754716982 0.35963836477987426 0.171061320754717 0.39171383647798746 0.21372641509433965 0.4438600628930818
2 0.6654245283018868 0.701981132075472 0.6225530660377359 0.639622641509434 0.5970106132075472 0.6708411949685537 0.6398820754716982 0.7331996855345915
2 0.6509519230769231 0.32298717948717953 0.5883846153846153 0.31835256410256413 0.5861682692307691 0.3715448717948719 0.6487355769230769 0.3761794871794873
2 0.7046875 0.36875000000000013 0.6671875 0.36875000000000013 0.6671875 0.44583333333333347 0.7046875 0.44583333333333347
2 0.35068509615384613 0.6229326923076924 0.2991947115384616 0.5695352564102566 0.272860576923077 0.6146794871794874 0.32435096153846155 0.6680769230769231
