2 0.6724239864864864 0.6856418918918921 0.5878800675675675 0.6051238738738741 0.5570523648648649 0.6626689189189192 0.6415962837837836 0.743186936936937
2 0.19065744808306712 0.4655850638977636 0.08963158945686905 0.4601970181043663 0.08738518370607033 0.5350772097976572 0.1884110423322684 0.5404652555910544
2 0.3910374674902471 0.6534026874729085 0.3454669213263979 0.526817837017772 0.29030193433029905 0.5621234286952752 0.33587248049414825 0.6887082791504118
1 0.4133850019265348 0.5089808630875932 0.29312588299511944 0.44539558181351147 0.2663366137939892 0.5354696463738333 0.3865957327254046 0.599054927647915
1 0.48605358469539384 0.6868561168895494 0.3859305349182765 0.6172052996532938 0.3593239227340268 0.6851999752352652 0.4594469725111442 0.7548507924715208
1 0.6244113869863014 0.8503567351598174 0.5735231164383562 0.7010844748858448 0.5074807363013699 0.7411101598173517 0.5583690068493151 0.8903824200913243
0 0.5436298076923077 0.8403846153846156 0.4792067307692308 0.7115384615384617 0.4251201923076923 0.7596153846153848 0.48954326923076935 0.8884615384615386
0 0.7042898654159868 0.2356103860793911 0.6638228996737355 0.18465198477433387 0.5900285481239804 0.28883224578575306 0.6304955138662317 0.3397906470908103
0 0.20902416839916835 0.4031271656271656 0.15932302494802492 0.2558645183645184 0.10877728690228687 0.2861919611919612 0.15847843035343034 0.4334546084546085
0 0.19336250000000002 0.5497166666666666 0.09505000000000002 0.5258833333333333 0.08630000000000003 0.5900499999999999 0.1846125 0.6138833333333333
