0 0.2864480198019802 0.4068069306930694 0.2794554455445545 0.3135726072607261 0.24248143564356434 0.3185024752475248 0.24947400990099006 0.41173679867986807
0 0.3104963235294117 0.46526960784313726 0.3076194852941176 0.4154044117647059 0.2338970588235294 0.4229656862745098 0.2367738970588235 0.4728308823529412
0 0.42843749999999997 0.4783333333333334 0.4055625 0.43766666666666676 0.3488125 0.4944166666666667 0.3716875 0.5350833333333332
0 0.5383104253112034 0.2954270401106501 0.5192330134854772 0.2514911825726141 0.46121304460580914 0.2962785269709543 0.48029045643153534 0.3402143845089904
0 0.7304816988950272 0.46738029465930037 0.6901588397790052 0.407642725598527 0.6626208563535909 0.4406883057090242 0.702943715469613 0.5004258747697976
0 0.6912294708029199 0.18398722627737238 0.6602645985401461 0.16472019464720203 0.6310047901459854 0.24831964720194655 0.6619696624087592 0.2675866788321169
2 0.2590737467866325 0.6267245072836334 0.20239797557840622 0.5822729220222794 0.1786993894601543 0.6359897172236504 0.23537516066838055 0.6804413024850045
2 0.23542380136986307 0.7143264840182648 0.1744648972602741 0.6838470319634703 0.16033818493150692 0.7340753424657536 0.22129708904109596 0.764554794520548
2 0.79296875 0.5239583333333335 0.7593749999999999 0.47916666666666674 0.7109374999999999 0.54375 0.74453125 0.5885416666666669
2 0.5339527027027028 0.37787162162162163 0.5273226351351352 0.32483108108108116 0.46651182432432436 0.3383445945945947 0.47314189189189193 0.39138513513513523
2 0.3603552383939773 0.2731649937264743 0.33303207340025087 0.18705562526139694 0.2881763644918444 0.21235884567126728 0.31549952948557086 0.29846821413634467
1 0.8078381147540984 0.6412909836065575 0.7845286885245901 0.6039959016393441 0.7344262295081967 0.659665300546448 0.757735655737705 0.6969603825136613
1 0.8192887931034483 0.6038793103448276 0.7994612068965516 0.5377873563218392 0.7566271551724137 0.560632183908046 0.7764547413793104 0.6267241379310344
1 0.6093192379182156 0.26734665427509297 0.5695051115241635 0.25702447335811657 0.5557620817843866 0.35126239157372996 0.5955762081784386 0.3615845724907064
1 0.3104022355163728 0.2866288832913517 0.2895033060453401 0.19838895885810237 0.2522630667506297 0.2140690596137699 0.27316199622166243 0.3023089840470193
