0 0.23675675675675678 0.7342792792792793 0.21489864864864866 0.6395608108108106 0.1721875 0.6570833333333332 0.19404560810810811 0.7518018018018019
1 0.3776415745856354 0.6565032228360957 0.3748057665745857 0.5846627532228362 0.29025379834254145 0.5905962246777164 0.29308960635359116 0.6624366942909761
1 0.6918801229508198 0.5711748633879782 0.6535860655737706 0.5099043715846994 0.6230020491803281 0.5438866120218578 0.661296106557377 0.6051571038251367
1 0.7181842672413794 0.5628232758620689 0.6953125000000001 0.49166666666666664 0.6609913793103449 0.5112787356321838 0.6838631465517242 0.5824353448275861
1 0.7772027439024392 0.6664837398373984 0.7688795731707317 0.6146951219512194 0.7111509146341464 0.6311890243902438 0.7194740853658537 0.6829776422764229
2 0.8062725515463918 0.7093384879725089 0.7564884020618556 0.6546735395189006 0.7319974226804123 0.6943256013745707 0.7817815721649485 0.7489905498281789
2 0.8284735576923078 0.8098237179487179 0.8004567307692311 0.7617948717948718 0.7718990384615386 0.7914102564102564 0.7999158653846156 0.8394391025641025
2 0.9298601519337015 0.4772905156537755 0.9071564226519337 0.450046040515654 0.8656681629834253 0.511510128913444 0.8883718922651933 0.5387546040515655
2 0.4105195063694268 0.6531050955414013 0.37187500000000007 0.6250000000000001 0.33885350318471347 0.7057192144373674 0.37749800955414015 0.7338243099787686
3 0.35194571167883215 0.6918217761557178 0.2966012773722627 0.6219130170316303 0.23780565693430655 0.704662408759124 0.29315009124087593 0.7745711678832117
0 0.359761663286004 0.7494464164976334 0.30887423935091274 0.7004437119675456 0.2862544371196754 0.7422033468559837 0.3371418610547667 0.7912060513860716
0 0.7723270939086294 0.7396890862944164 0.7269392449238579 0.687240905245347 0.7032756979695431 0.7236463620981389 0.7486635469543147 0.7760945431472083
0 0.7343124999999999 0.664 0.6769375 0.6597500000000001 0.674875 0.7092500000000002 0.73225 0.7135000000000001
3 0.9104045643153527 0.43631051175657015 0.8590248962655602 0.37570885200553267 0.8016740145228216 0.4621507607192256 0.8530536825726142 0.522752420470263
3 0.9225029481132074 0.3796737421383648 0.9205424528301884 0.31955188679245283 0.8521255896226414 0.32351808176100627 0.8540860849056603 0.38363993710691824
3 0.7395444763271162 0.5994111669057868 0.7144727403156385 0.5555356288857006 0.6539791068866572 0.6169894787183166 0.6790508428981349 0.6608650167384026
