1 0.8761494700748129 0.5077358686616792 0.8741271820448876 0.45380818786367416 0.7998597256857856 0.45875935162094755 0.8018820137157107 0.5126870324189526
1 0.39279855332829056 0.5750961296016138 0.3295220310136158 0.5233862834089764 0.3039889844931922 0.578931858295512 0.36726550680786696 0.6306417044881495
1 0.3664852528089888 0.6130852059925096 0.3212713375108039 0.5858596225871509 0.2897161300777874 0.6790226159608183 0.3349300453759724 0.706248199366177
1 0.30727163461538465 0.5244391025641026 0.23876201923076926 0.5061698717948718 0.23173076923076924 0.5530448717948718 0.30024038461538466 0.5713141025641025
3 0.8624875 0.5428000000000001 0.788375 0.5248333333333334 0.7759250000000001 0.6161333333333335 0.8500375 0.6341000000000001
3 0.8282171305536294 0.45439041712009476 0.735409375 0.4182062500000001 0.7208063069463706 0.48479291621323883 0.8136140624999999 0.5209770833333335
3 0.809307387059168 0.49795130589712583 0.7500140625000001 0.4678916666666668 0.7190853730713208 0.576349526067789 0.7783786976304888 0.6064091652982481
0 0.7469827586206896 0.5107758620689656 0.7266163793103448 0.4428879310344828 0.6991379310344827 0.45754310344827587 0.7195043103448275 0.5254310344827586
0 0.7483455882352941 0.5307598039215686 0.7003216911764705 0.49234068627450983 0.6833639705882353 0.5300245098039216 0.7313878676470589 0.5684436274509804
0 0.3208616955445544 0.4458642739273927 0.29610148514851475 0.4188531353135313 0.24785736386138607 0.4974731848184818 0.27261757425742567 0.5244843234323432
0 0.36307572614107886 0.4682952973720609 0.33437500000000003 0.46041666666666675 0.32153137966804984 0.5435943983402489 0.35023210580912867 0.5514730290456432
3 0.35204843750000003 0.4477562500000001 0.28957257962465033 0.43611062631044195 0.27844753716859605 0.5422138614819336 0.34092339504394575 0.5538594851714917
3 0.32447343749999996 0.6568249999999999 0.3223312019753779 0.54856529614341 0.25229218750000004 0.5510291666666667 0.2544344230246221 0.6592888705232567
3 0.31146247645235403 0.6254178539949269 0.20322955559533237 0.5804748703365958 0.1723133103062233 0.7128363750085125 0.280546231163245 0.7577793586668435
