1 0.851923076923077 0.2586538461538462 0.8395432692307694 0.17612179487179494 0.8019831730769231 0.1861378205128206 0.8143629807692309 0.2686698717948718
2 0.9028093827930175 0.19591645885286796 0.8479465399002495 0.1922589359933501 0.8462827306733167 0.23662718204488792 0.9011455735660847 0.2402847049044058
2 0.9119087837837838 0.34527027027027035 0.9067567567567568 0.30405405405405406 0.852027027027027 0.31621621621621626 0.857179054054054 0.3574324324324325
2 0.3887408088235295 0.686825980392157 0.33795955882352946 0.6816176470588237 0.3326654411764706 0.7733823529411766 0.3834466911764707 0.77859068627451
2 0.45084347345132747 0.750202802359882 0.4467643805309735 0.6686209439528022 0.40383019911504425 0.6724373156342182 0.40790929203539816 0.754019174041298
1 0.18256250000000013 0.897666666666667 0.13756250000000012 0.8526666666666668 0.08618750000000013 0.9440000000000003 0.13118750000000015 0.9890000000000003
2 0.3812500000000001 0.7833333333333333 0.3109375000000001 0.7833333333333333 0.3109375000000001 0.8458333333333333 0.3812500000000001 0.8458333333333333
1 0.8590249999999999 0.6108999999999999 0.8428025 0.53674 0.8055424999999999 0.55123 0.8217649999999999 0.6253899999999999
1 0.6882390202702703 0.3798704954954957 0.6558699324324324 0.3490427927927929 0.6156461148648649 0.4241272522522523 0.6480152027027027 0.4549549549549551
3 0.8393141778523487 0.3289848993288592 0.7800650167785234 0.2736856823266222 0.7437290268456375 0.34289709172259536 0.8029781879194628 0.3981963087248323
3 0.759375 0.5020833333333334 0.690625 0.5020833333333334 0.690625 0.6166666666666667 0.759375 0.6166666666666668
3 0.3925573394495413 0.6287729357798165 0.34333142201834865 0.5669992354740061 0.2827350917431193 0.6528440366972478 0.3319610091743119 0.7146177370030582
0 0.3258690828402367 0.7959689349112424 0.32061390532544376 0.694368836291913 0.2820580621301775 0.6979142011834317 0.28731323964497035 0.7995142998027611
0 0.2760075431034482 0.7624209770114942 0.27342133620689657 0.7038002873563217 0.19657327586206896 0.7098275862068966 0.1991594827586207 0.768448275862069
0 0.24896422511312233 0.801918363499246 0.20598133484162906 0.799189291101056 0.2023437500000001 0.9010416666666667 0.24532664027149337 0.9037707390648568
0 0.6726675315884477 0.639444193742479 0.6655742328519856 0.5959386281588448 0.615625 0.6104166666666667 0.6227182987364621 0.6539222322503008
