0 0.7621206647398845 0.9071290944123315 0.7577131502890173 0.8689306358381503 0.7001806358381503 0.8807321772639691 0.7045881502890172 0.9189306358381503
0 0.0945945945945946 0.5296734234234235 0.08893581081081081 0.48440315315315324 0.023817567567567567 0.49887387387387394 0.02947635135135136 0.5441441441441442
0 0.8618750000000002 0.9108333333333334 0.8381250000000001 0.8475000000000001 0.805625 0.869166666666667 0.829375 0.9325000000000003
0 0.3265625000000001 0.76875 0.2609375000000001 0.76875 0.2609375000000001 0.8125 0.3265625000000001 0.8125
0 0.9625 0.3354166666666668 0.8765625 0.3354166666666668 0.8765625 0.4041666666666668 0.9625 0.4041666666666668
1 0.1303379524886878 0.3119626696832579 0.0944075226244344 0.26841063348416294 0.0458356900452489 0.33964932126696834 0.0817661199095023 0.3832013574660634
1 0.45625 0.6291666666666667 0.4296875000000001 0.5937500000000001 0.384375 0.6541666666666669 0.4109375 0.6895833333333334
1 0.27140624999999996 0.823125 0.2587499999999999 0.7724999999999999 0.19781249999999997 0.7995833333333332 0.21046874999999998 0.8502083333333332
1 0.1866346153846154 0.764647435897436 0.16528846153846152 0.7148397435897437 0.113125 0.7545833333333333 0.13447115384615388 0.8043910256410257
1 0.08125000000000004 0.42916666666666664 0.014062500000000039 0.42916666666666664 0.014062500000000042 0.49166666666666664 0.08125000000000004 0.49166666666666664
1 0.33718750000000003 0.8179166666666667 0.2806490384615385 0.8084935897435898 0.27555288461538463 0.8628525641025641 0.33209134615384617 0.872275641025641
3 0.17812500000000003 0.35625 0.1754438694267516 0.25615445859872615 0.12589769108280255 0.25851380042462846 0.12857882165605097 0.3586093418259023
3 0.9293703589108911 0.06764645214521466 0.8297617574257427 0.03765676567656776 0.8029919554455445 0.19572607260726083 0.902600556930693 0.2257157590759077
3 0.536584051724138 0.6770114942528735 0.46438577586206903 0.6385057471264368 0.4515625000000001 0.6812500000000001 0.523760775862069 0.7197557471264369
3 0.50390625 0.6343750000000001 0.4546875 0.5687500000000001 0.42734375 0.6052083333333336 0.4765625 0.6708333333333336
3 0.7763264746044534 0.982676643339096 0.7753117581584661 0.8858406730369628 0.7330421487400247 0.8866281061953651 0.7340568651860121 0.9834640764974983
