1 0.5502689549180327 0.3310280054644809 0.5466444672131147 0.2778688524590164 0.4843749999999999 0.28541666666666665 0.48799948770491797 0.3385758196721312
1 0.6170184426229508 0.3466461748633881 0.5719364754098362 0.32034836065573785 0.5488422131147541 0.39073087431694004 0.5939241803278688 0.4170286885245903
1 0.690173502349256 0.5194743539545812 0.6282706049334376 0.49277114330462024 0.6193471025841816 0.5295467893500392 0.68125 0.5562500000000001
1 0.6996559633027523 0.6265290519877674 0.6797878440366972 0.5773318042813455 0.6194094036697247 0.6206804281345565 0.6392775229357797 0.6698776758409786
1 0.7112980769230771 0.6836538461538464 0.6624519230769231 0.6755128205128206 0.6523798076923077 0.782948717948718 0.7012259615384616 0.7910897435897437
2 0.5321538746298125 0.2103508555445871 0.5066356120434354 0.1747799440605463 0.45540782329713725 0.2401139355051005 0.48092608588351426 0.27568484698914125
2 0.5613480029585799 0.250853057199211 0.538230399408284 0.21516272189349112 0.4874611686390532 0.2736242603550295 0.5105787721893491 0.3093145956607495
2 0.5782619863013698 0.33465182648401837 0.5533304794520547 0.29885273972602744 0.5048458904109588 0.35888127853881285 0.529777397260274 0.3946803652968037
2 0.654375 0.48250000000000004 0.6365624999999999 0.43500000000000016 0.5871875 0.46791666666666676 0.6050000000000001 0.5154166666666666
2 0.7110738255033557 0.6559144295302013 0.6878775167785236 0.6117309843400448 0.6368078859060403 0.6593959731543625 0.6600041946308725 0.7035794183445191
0 0.583818493150685 0.4054509132420092 0.5250856164383562 0.37608447488584484 0.5133989726027397 0.41763698630137 0.5721318493150686 0.4470034246575344
0 0.624375 0.4204166666666668 0.5956280940594059 0.3962087458745875 0.5573112623762376 0.4770998349834984 0.5860581683168318 0.5013077557755777
0 0.6483774038461538 0.5233173076923078 0.590985576923077 0.5080128205128206 0.584375 0.5520833333333335 0.641766826923077 0.5673878205128207
0 0.6792454268292683 0.5792784552845528 0.6672637195121951 0.5446646341463414 0.6051371951219512 0.5828963414634145 0.6171189024390243 0.617510162601626
0 0.7662087264150944 0.7591823899371072 0.717370283018868 0.6881446540880505 0.6863089622641508 0.7261084905660379 0.7351474056603774 0.7971462264150946
