3 0.915625 0.4979166666666668 0.8773437500000002 0.44687500000000024 0.8203125 0.5229166666666669 0.85859375 0.5739583333333336
3 0.34085210147354317 0.3858562179057827 0.25936558104487606 0.36584198481803987 0.24148317146684528 0.4952765684304533 0.3229696918955124 0.5152908015181962
3 0.9167288822525597 0.7614689988623434 0.9063619880546074 0.6439775312855516 0.837372013651877 0.6547994880546073 0.8477389078498293 0.7722909556313993
3 0.37233231707317066 0.36326219512195124 0.340015243902439 0.3094004065040651 0.27827743902439017 0.37525406504065045 0.3105945121951219 0.4291158536585366
0 0.3662114555702918 0.2328608532272326 0.29414580570291776 0.21506686560565877 0.28672703912466846 0.268481984969054 0.3587926889920424 0.2862759725906278
2 0.9033653846153848 0.40785256410256404 0.8955528846153848 0.3557692307692307 0.8375600961538462 0.3712339743589743 0.8453725961538462 0.4233173076923077
2 0.34377463863337715 0.2966354577310556 0.3186124342969777 0.26132008322382827 0.26880133048620236 0.32441414805081037 0.29396353482260185 0.35972952255803764
2 0.34100506756756765 0.5782094594594597 0.3056081081081081 0.5438851351351353 0.2669594594594595 0.6147409909909911 0.302356418918919 0.6490653153153155
2 0.9290624999999999 0.5891666666666666 0.9129687499999999 0.5247916666666665 0.8731249999999999 0.5425 0.8892187499999998 0.606875
2 0.9272704196750903 0.44934190734055357 0.9205860785198556 0.408344614921781 0.8667446976534297 0.4239508122743682 0.8734290388086643 0.4649481046931408
1 0.36918749999999995 0.4895000000000001 0.3349375 0.4552500000000001 0.29125000000000006 0.5329166666666667 0.3255 0.5671666666666667
1 0.31043926247288506 0.5277205350686913 0.27115645336225597 0.5001536514822849 0.237127169197397 0.5863611713665944 0.2764099783080261 0.6139280549530007
1 0.3036873393316196 0.6216420308483291 0.2539540488431877 0.617120822622108 0.24795067480719796 0.7345201371036848 0.2976839652956299 0.7390413453299058
0 0.9340624999999999 0.6925 0.9134375 0.6099999999999999 0.8895312499999999 0.620625 0.91015625 0.703125
0 0.8765625 0.8583333333333335 0.83515625 0.8031250000000002 0.8140625 0.8312500000000003 0.85546875 0.8864583333333333
0 0.9084434148264984 0.6208990536277607 0.8571027208201892 0.5671135646687699 0.8354150236593059 0.6039169295478446 0.8867557176656151 0.6577024185068352
