3 0.9193140794223826 0.3117930204572804 0.8290500902527075 0.23442388688327326 0.7927008122743681 0.3098149819494586 0.8829648014440432 0.38718411552346577
3 0.6296875 0.3437500000000001 0.5734375 0.3437500000000001 0.5734375 0.4187500000000001 0.6296875 0.4187500000000001
3 0.41673547492767604 0.3086889263902283 0.34131659836065575 0.2601434426229509 0.32579104387656704 0.30302354548376736 0.4012099204435873 0.3515690292510448
3 0.36486085766423365 0.11061435523114363 0.32923129562043807 0.09333941605839424 0.31248859489051106 0.1547293187347933 0.34811815693430664 0.17200425790754267
1 0.34020579268292683 0.26371951219512196 0.33460365853658536 0.19649390243902437 0.26343368902439024 0.20703760162601625 0.2690358231707317 0.27426321138211385
1 0.4041233519269777 0.3597616632860042 0.3424790821501014 0.29729546991210287 0.3089075177484787 0.3561929513184585 0.370551787525355 0.4186591446923598
1 0.5621875000000001 0.36166666666666675 0.5559159482758621 0.26132183908045986 0.5094935344827586 0.26647988505747133 0.5157650862068965 0.3668247126436783
1 0.6894117647058823 0.4272794117647058 0.6484926470588235 0.36362745098039206 0.6156801470588235 0.4011274509803921 0.6565992647058823 0.46477941176470583
1 0.6988970588235295 0.4558823529411766 0.630514705882353 0.4330882352941178 0.6200367647058824 0.4889705882352942 0.6884191176470589 0.5117647058823531
3 0.6229687499999998 0.5622916666666666 0.6121249999999999 0.46108333333333323 0.5766875 0.46783333333333327 0.58753125 0.5690416666666667
0 0.7364331896551723 0.5637643678160921 0.7112607758620688 0.5260057471264369 0.6639331896551723 0.5820977011494254 0.6891056034482759 0.6198563218390806
0 0.868033088235294 0.655073529411765 0.8040349264705883 0.6007720588235297 0.7817095588235294 0.6475490196078434 0.8457077205882353 0.7018504901960786
0 0.810258620689655 0.7012787356321841 0.759342672413793 0.6409339080459772 0.7437392241379308 0.6643390804597703 0.7946551724137929 0.7246839080459772
0 0.7922198275862067 0.7263505747126437 0.7434267241379309 0.6531609195402299 0.7141379310344826 0.6878735632183908 0.7629310344827585 0.7610632183908046
0 0.6538878676470589 0.7519730392156864 0.5735514705882353 0.7408921568627452 0.5687481617647059 0.8028014705882355 0.6490845588235294 0.8138823529411766
