2 0.2546875 0.08750000000000004 0.1875 0.08750000000000004 0.1875 0.14375000000000007 0.2546875 0.14375000000000007
2 0.421885775862069 0.20399425287356326 0.39041487068965514 0.15440373563218393 0.34369612068965505 0.2071120689655173 0.3751670258620689 0.2567025862068966
2 0.8015625 0.9270833333333334 0.7503125 0.8929166666666667 0.7353125 0.9329166666666668 0.7865624999999999 0.9670833333333334
2 0.9271236187845304 0.8712016574585635 0.8972720994475137 0.8691068139963167 0.8949326657458563 0.9283724677716391 0.924784185082873 0.9304673112338857
1 0.323225 0.20885000000000004 0.2760625 0.1974166666666667 0.2621625 0.29935000000000006 0.30932499999999996 0.31078333333333336
1 0.2789811774587661 0.3996805640399104 0.23953879047037266 0.3555729484829973 0.18563683567501527 0.4412632355935654 0.2250792226634087 0.48537085115047857
1 0.205 0.42583333333333334 0.17187499999999997 0.3375 0.13874999999999998 0.3595833333333333 0.171875 0.4479166666666667
1 0.6001724137931035 0.47942528735632195 0.5332165948275862 0.4741738505747127 0.530592672413793 0.5336494252873564 0.5975484913793103 0.5389008620689656
2 0.18249686604584528 0.5166099570200573 0.14166815902578797 0.48584049665711554 0.10136327005730661 0.5809186962750716 0.14219197707736392 0.6116881566380133
0 0.3214088114754098 0.4027459016393444 0.29254098360655734 0.3147677595628416 0.24967213114754094 0.33977459016393446 0.2785399590163934 0.4277527322404373
0 0.5953587278106511 0.47693540433925047 0.5531286982248523 0.4117381656804734 0.5266457100591718 0.4422337278106509 0.5688757396449706 0.507430966469428
0 0.69453125 0.43854166666666666 0.671875 0.4083333333333333 0.625 0.4708333333333333 0.64765625 0.5010416666666667
3 0.9289504716981132 0.8440644654088051 0.8381485849056605 0.8094732704402517 0.8292452830188679 0.8510220125786164 0.9200471698113208 0.88561320754717
3 0.896875 0.8583333333333336 0.8265625 0.8583333333333336 0.8265625 0.9625000000000002 0.896875 0.9625000000000002
3 0.39699519230769237 0.8783653846153847 0.3693509615384615 0.823076923076923 0.29399038461538457 0.8900641025641024 0.32163461538461546 0.9453525641025641
3 0.18810210987261147 0.48272956475583856 0.16491341560509554 0.37760748407643313 0.08141918789808918 0.41035031847133757 0.1046078821656051 0.515472399150743
