3 0.6734471569839305 0.3959054388133499 0.6570978831891222 0.2738308611454471 0.5952313813349812 0.2885609806345283 0.6115806551297898 0.41063555830243104
3 0.4109375 0.5312500000000001 0.3234375000000001 0.5312500000000001 0.3234375000000001 0.6625 0.4109375 0.6625
3 0.668826219512195 0.48841463414634145 0.6118521341463414 0.4276422764227642 0.5554496951219512 0.5216463414634147 0.6124237804878048 0.5824186991869919
0 0.5816586538461539 0.4547756410256411 0.5478365384615385 0.42900641025641034 0.5124519230769231 0.5115705128205129 0.5462740384615384 0.5373397435897437
0 0.762875 0.5756666666666668 0.7278125 0.5591666666666668 0.7049086538461539 0.6456923076923078 0.7399711538461539 0.6621923076923077
0 0.4015625 0.6625 0.3343750000000001 0.6625 0.3343750000000001 0.6979166666666666 0.4015625 0.6979166666666666
0 0.6006250000000002 0.8995833333333335 0.5731250000000001 0.82625 0.5393749999999999 0.8487500000000001 0.566875 0.9220833333333335
0 0.8487570137157106 0.6793536990856193 0.8459008728179549 0.6031899418121364 0.8112998753117205 0.6054966749792186 0.8141560162094761 0.6816604322527016
2 0.8171875 0.6354166666666669 0.7546875 0.6354166666666669 0.7546875 0.6770833333333336 0.8171875 0.6770833333333336
2 0.7034867869127518 0.7714835011185682 0.6954645553691277 0.7108710850111856 0.6290583053691275 0.7264960850111856 0.6370805369127517 0.7871085011185682
2 0.3844996882793019 0.7633416458852869 0.3481842269326684 0.7609206151288446 0.34500857231920207 0.8456047381546135 0.38132403366583556 0.8480257689110557
2 0.7033532303370786 0.6457631086142323 0.6657127808988765 0.6143960674157305 0.6296348314606743 0.6913623595505619 0.6672752808988764 0.7227294007490637
1 0.35586538461538475 0.6916025641025642 0.30798076923076934 0.683621794871795 0.29992788461538467 0.7695192307692308 0.34781250000000014 0.7775000000000001
1 0.8225000000000001 0.7162500000000002 0.7809615384615386 0.7093269230769231 0.7731009615384616 0.793173076923077 0.8146394230769232 0.800096153846154
1 0.8800685975609754 0.7420731707317072 0.8465320121951219 0.7063008130081301 0.8043064024390244 0.7766768292682926 0.8378429878048779 0.8124491869918697
1 0.8339820726915521 0.5785281597904388 0.7738918222003929 0.5280820235756386 0.7496776768172888 0.5793590373280945 0.8097679273084479 0.6298051735428947
