2 0.453125 0.2333333333333334 0.4015625 0.2333333333333334 0.4015625 0.3250000000000001 0.453125 0.3250000000000001
2 0.518103448275862 0.3290948275862069 0.4905172413793103 0.2371408045977012 0.4420258620689655 0.26300287356321844 0.46961206896551716 0.3549568965517241
2 0.9796875 0.24166666666666678 0.94765625 0.19895833333333346 0.8921875 0.27291666666666686 0.92421875 0.31562500000000016
2 0.4446301605504587 0.8749770642201835 0.4379099770642202 0.8234556574923547 0.3825200688073394 0.8362996941896024 0.38924025229357795 0.8878211009174313
2 0.38504807692307685 0.8655128205128204 0.378389423076923 0.7944871794871794 0.33377403846153847 0.8019230769230768 0.34043269230769224 0.8729487179487179
1 0.4010576923076923 0.3654487179487179 0.39475961538461535 0.29826923076923073 0.3199519230769231 0.31073717948717944 0.32625000000000004 0.3779166666666666
1 0.46217893835616436 0.41989155251141563 0.42803938356164384 0.3197488584474886 0.38648330479452053 0.34493436073059364 0.4206228595890411 0.44507705479452064
3 0.4998338257016249 0.4088226243229936 0.49741506646971934 0.32497230428360413 0.43416728212703093 0.328215780403742 0.4365860413589365 0.41206610044313147
3 0.9431279856687897 0.7825968683651806 0.9332006369426751 0.7375928874734609 0.8434464570063696 0.7727906050955415 0.8533738057324841 0.8177945859872613
3 0.9390625 0.8125000000000002 0.86875 0.8125000000000002 0.86875 0.8895833333333336 0.9390625 0.8895833333333336
1 0.910103035538006 0.9146512010529778 0.8621205577492596 0.8477665350444223 0.8336685587364265 0.8840531424810791 0.8816510365251728 0.9509378084896346
1 0.8838362068965517 0.7377873563218391 0.8664870689655173 0.6799568965517241 0.8021012931034482 0.7142959770114942 0.8194504310344828 0.7721264367816093
1 0.9254674999999999 0.7217800000000002 0.9152474999999999 0.6750600000000001 0.8671875 0.6937500000000001 0.8774075 0.7404700000000001
3 0.44108952702702703 0.826632882882883 0.43095439189189194 0.7455518018018019 0.35747466216216217 0.7618806306306306 0.36760979729729726 0.8429617117117117
1 0.880768581081081 0.6417680180180181 0.8405405405405404 0.6027590090090091 0.8012162162162161 0.6748536036036036 0.8414442567567567 0.7138626126126125
