3 0.4753771551724138 0.2356321839080461 0.4028816141498216 0.13413842647641702 0.33776382282996426 0.21682768529528346 0.41025936385255646 0.3183214427269126
3 0.22532094594594598 0.39618243243243245 0.19660472972972975 0.2717454954954955 0.12304054054054055 0.30192567567567574 0.15175675675675676 0.42636261261261266
3 0.9782650862068965 0.658175287356322 0.9271874999999999 0.6525000000000001 0.9204310344827586 0.7606034482758621 0.971508620689655 0.7662787356321841
2 0.8272058823529413 0.8069852941176471 0.8054227941176471 0.758578431372549 0.7599264705882354 0.7949754901960785 0.7817095588235294 0.8433823529411765
2 0.7285492081447964 0.6097944947209654 0.7268559106334842 0.5623821644042233 0.6752615950226245 0.5656579939668176 0.6769548925339367 0.6130703242835597
2 0.728125 0.5104166666666667 0.671875 0.5104166666666667 0.671875 0.5583333333333333 0.728125 0.5583333333333335
2 0.5001524390243903 0.23724593495934962 0.4916539634146342 0.1352642276422764 0.4600990853658537 0.13993902439024392 0.4685975609756098 0.24192073170731712
1 0.7157079646017699 0.1941740412979352 0.6489214601769911 0.18823746312684378 0.6458102876106194 0.2504609144542774 0.7125967920353982 0.2563974926253688
1 0.684375 0.28333333333333344 0.646875 0.28333333333333344 0.646875 0.3729166666666668 0.684375 0.3729166666666668
1 0.618216723549488 0.4018771331058021 0.5788715870307166 0.3957053469852105 0.5715017064846416 0.47923065984072816 0.610846843003413 0.48540244596131976
1 0.6642905501710378 0.806169232231091 0.6269865307867731 0.7958784682630179 0.6122131556442417 0.8910846636259978 0.6495171750285064 0.9013754275940709
2 0.672141768292683 0.565548780487805 0.6306783536585365 0.49644308943089427 0.6020960365853659 0.526930894308943 0.6435594512195122 0.5960365853658537
0 0.6830818965517242 0.6751436781609198 0.6495731100795755 0.6101569407603892 0.619665948275862 0.6375718390804599 0.6531747347480106 0.7025585764809905
0 0.6926178278688525 0.7288114754098362 0.636531762295082 0.7112158469945357 0.6276997950819673 0.7612636612021859 0.6837858606557378 0.7788592896174864
0 0.6125 0.27500000000000013 0.5796875 0.27500000000000013 0.5796875 0.3562500000000001 0.6125 0.3562500000000001
0 0.20406572164948455 0.2400945017182131 0.20211662371134023 0.18292096219931273 0.11522229381443298 0.1881872852233677 0.11717139175257732 0.24536082474226806
