3 0.5811949481865286 0.3198877374784112 0.49164831606217624 0.3121848013816927 0.48474740932642496 0.4548035405872195 0.5742940414507773 0.462506476683938
3 0.7291875 0.3682500000000001 0.667725 0.3533500000000001 0.6516 0.47160000000000013 0.7130625 0.4865000000000001
3 0.48277270442359244 0.40239331992850763 0.4475326742627345 0.3817191689008043 0.41424053284182305 0.48260444593386964 0.44948056300268097 0.503278596961573
3 0.5927913930581614 0.48032363977485937 0.5317718105065667 0.4732489055659788 0.5250000000000001 0.5770833333333335 0.5860195825515948 0.5841580675422141
3 0.4746875000000001 0.5154166666666667 0.4190625 0.4783333333333334 0.3990625 0.5316666666666667 0.4546875000000001 0.5687500000000001
0 0.4952940088757396 0.5107741617357003 0.459633875739645 0.5074950690335307 0.4553439349112426 0.5904339250493097 0.4910040680473372 0.5937130177514793
0 0.5231176035502958 0.5280596646942801 0.49105029585798815 0.5251109467455621 0.4864016272189349 0.6149852071005917 0.5184689349112426 0.6179339250493096
0 0.6457435344827587 0.39231321839080474 0.6069504310344827 0.3716235632183909 0.582165948275862 0.4542385057471266 0.620959051724138 0.4749281609195403
0 0.6077230723370428 0.40847575516693174 0.5796875 0.3937500000000001 0.5515761625596184 0.48889606518282996 0.5796117348966614 0.5036218203497617
0 0.6351831896551724 0.37456896551724134 0.608459051724138 0.2854885057471264 0.5720905172413792 0.3048850574712643 0.5988146551724137 0.39396551724137924
2 0.6897146254458976 0.5143504756242568 0.6359467895362665 0.43907550535077305 0.6043828032104638 0.47915675782798284 0.658150639120095 0.5544317281014666
2 0.6665875 0.5252333333333333 0.6048500000000001 0.5102666666666668 0.5972500000000001 0.5660000000000002 0.6589875 0.5809666666666667
2 0.6618265086206897 0.5777658045977013 0.6114493534482759 0.5738146551724139 0.6077747844827587 0.6571048850574712 0.6581519396551725 0.6610560344827586
2 0.6152766393442622 0.551974043715847 0.5726024590163934 0.5385860655737706 0.555327868852459 0.6364754098360659 0.5980020491803277 0.6498633879781422
2 0.5408862704918034 0.4709153005464482 0.467469262295082 0.4478825136612023 0.4563422131147541 0.5109357923497269 0.5297592213114755 0.5339685792349729
