3 0.4822555693069307 0.5717409240924093 0.47346844059405935 0.4545792079207921 0.39828279702970304 0.46460396039603963 0.40706992574257433 0.5817656765676567
3 0.541923076923077 0.5638461538461538 0.5330769230769231 0.4694871794871795 0.49326923076923085 0.4761217948717949 0.5021153846153846 0.5704807692307692
3 0.60703125 0.49895833333333345 0.5796875 0.46250000000000013 0.5265625 0.5333333333333334 0.55390625 0.5697916666666668
3 0.4797971044045677 0.5926148722131594 0.45327793637846653 0.5592203643284394 0.40860267128874384 0.6222913268080479 0.435121839314845 0.655685834692768
3 0.5195696721311476 0.6120218579234974 0.4879098360655738 0.5768442622950821 0.44923155737704923 0.6387295081967214 0.48089139344262294 0.6739071038251366
0 0.5493219339622641 0.814622641509434 0.5373290094339623 0.7293396226415093 0.4953478773584905 0.7398349056603772 0.5073408018867924 0.8251179245283018
0 0.46887289325842707 0.6944288389513109 0.4372717696629215 0.6270131086142323 0.4062324438202247 0.6528792134831463 0.4378335674157303 0.7202949438202249
0 0.53125 0.6875 0.4765625 0.6875 0.4765625 0.7333333333333333 0.53125 0.7333333333333333
0 0.4859375 0.71875 0.4515625 0.71875 0.4515625 0.8 0.4859375 0.8
0 0.5109375 0.65 0.4640625 0.65 0.4640625 0.6895833333333333 0.5109375 0.6895833333333333
1 0.653448275862069 0.5468390804597703 0.614385775862069 0.5260057471264369 0.5924030172413792 0.5992816091954024 0.6314655172413793 0.6201149425287357
1 0.5806490384615385 0.6814102564102567 0.5251201923076922 0.6320512820512822 0.5006009615384615 0.6810897435897438 0.5561298076923078 0.7304487179487182
1 0.6125 0.5562500000000001 0.5875 0.5229166666666667 0.53984375 0.5864583333333333 0.5648437500000001 0.6197916666666667
1 0.57578125 0.6447916666666667 0.5320312500000001 0.5864583333333334 0.5054687500000001 0.6218750000000001 0.54921875 0.6802083333333333
1 0.62578125 0.6281250000000002 0.6 0.5937500000000001 0.5578125 0.6500000000000002 0.58359375 0.6843750000000003
