0 0.21031250000000004 0.8329166666666669 0.16281250000000008 0.80125 0.14625000000000007 0.8454166666666668 0.19375000000000003 0.8770833333333333
0 0.939857618343195 0.7174556213017752 0.9157821745562129 0.7040803747534519 0.8938701923076924 0.7741987179487181 0.9179456360946745 0.7875739644970415
0 0.867726109215017 0.7467292377701933 0.8627986348122867 0.6908845278725824 0.7998826791808872 0.7007536973833902 0.8048101535836176 0.756598407281001
1 0.859375 0.6500000000000002 0.7890625 0.6500000000000002 0.7890625 0.7041666666666669 0.859375 0.7041666666666669
1 0.40487980769230775 0.23955128205128204 0.39855769230769234 0.17211538461538461 0.31798076923076923 0.18554487179487175 0.3243028846153846 0.2529807692307692
2 0.35406249999999995 0.42458333333333337 0.3180048076923077 0.340448717948718 0.2767788461538462 0.37185897435897447 0.3128365384615384 0.4559935897435898
2 0.3851883561643835 0.40844748858447494 0.36297089041095887 0.3294520547945206 0.32769691780821913 0.3470890410958905 0.3499143835616438 0.42608447488584483
2 0.4375884433962264 0.32979559748427684 0.3946639150943397 0.3134433962264152 0.3793337264150944 0.3849842767295598 0.4222582547169811 0.40133647798742145
2 0.9205216078066915 0.7186957868649321 0.8889811802973977 0.6640257125154896 0.854925650557621 0.698954460966543 0.8864660780669145 0.7536245353159852
2 0.8880379098360655 0.6683060109289618 0.868888319672131 0.6099453551912568 0.8301997950819672 0.6325136612021856 0.8493493852459016 0.6908743169398905
3 0.9226887062039577 0.7575752027317011 0.9037971477613265 0.7002035458234062 0.8113415639773558 0.754326439980997 0.8302331224199868 0.8116980968892921
3 0.31879595588235293 0.4612132352941177 0.2784007352941177 0.3714460784313725 0.2296875 0.4104166666666666 0.2700827205882353 0.5001838235294118
3 0.4632321975497703 0.24129657988769787 0.4023258039816233 0.19330972434915777 0.36188744257274125 0.28455525778458407 0.4227938361408882 0.33254211332312417
0 0.3681003118503118 0.2747704435204436 0.33779235966735965 0.23166580041580045 0.2874285343035343 0.2946205821205821 0.3177364864864865 0.33772522522522525
0 0.3858517247774481 0.32578202274975276 0.37728347551928787 0.2849808358061326 0.31248840875370915 0.3091709940652819 0.32105665801186933 0.34997218100890215
