1 0.8094194839857651 0.49060646500593125 0.7939891014234876 0.4247701660735468 0.7076012010676157 0.4607651245551601 0.7230315836298933 0.5266014234875446
1 0.7078125 0.19583333333333344 0.64375 0.19583333333333344 0.64375 0.30625000000000013 0.7078125 0.30625000000000013
1 0.47753232758620695 0.7782327586206897 0.4586745689655173 0.7153735632183909 0.38189655172413794 0.7563218390804598 0.40075431034482756 0.8191810344827587
1 0.9420524949765572 0.6923462268363475 0.8522940388479571 0.6703002902433579 0.8427118218352311 0.7396572895735657 0.9324702779638312 0.7617032261665552
2 0.308875 0.3370000000000001 0.228625 0.2567500000000001 0.191125 0.3234166666666668 0.27137500000000003 0.40366666666666684
2 0.2780501632801161 0.5303973149492018 0.24050027213352684 0.47149552491533625 0.17718387155297535 0.5432541122399612 0.21473376269956462 0.6021559022738269
2 0.5346933962264151 0.3789858490566039 0.4540330188679246 0.3588207547169812 0.4421462264150944 0.4433490566037737 0.5228066037735849 0.4635141509433964
2 0.6822615979381443 0.683840206185567 0.6801192010309278 0.6209965635738832 0.5978318298969072 0.6259836769759451 0.5999742268041237 0.6888273195876289
2 0.7906997141372142 0.8780881843381846 0.7352423336798337 0.808766458766459 0.6985024688149688 0.8610187110187112 0.7539598492723494 0.9303404365904367
2 0.3543701923076924 0.8076153846153846 0.31300480769230776 0.804551282051282 0.3088269230769231 0.9048205128205128 0.3501923076923078 0.9078846153846155
3 0.2687733790523691 0.8881234413965087 0.2661354426433915 0.8177784704904405 0.16233245012468828 0.8246986699916874 0.1649703865336658 0.8950436408977556
3 0.44529983792544564 0.6636919232847109 0.44023247568881685 0.5848662884927066 0.3453935372771474 0.5957050243111831 0.35046089951377624 0.6745306591031874
3 0.9191097240473061 0.4412056504599212 0.892644136005256 0.3437450722733245 0.7830605289093299 0.39664750328515097 0.8095261169513798 0.4941080814717476
3 0.9915624999999999 0.29541666666666694 0.9503125000000001 0.26791666666666686 0.9012499999999999 0.3987500000000002 0.9424999999999999 0.4262500000000003
3 0.9375 0.16458333333333347 0.8515625 0.16458333333333344 0.8515625 0.3041666666666668 0.9375 0.3041666666666668
