0 0.6149816176470588 0.40759803921568627 0.5962316176470588 0.36593137254901964 0.5357996323529411 0.41427696078431375 0.5545496323529411 0.45594362745098044
0 0.638626935840708 0.6142053834808259 0.6361172566371681 0.5640117994100293 0.5671529314159292 0.5701419616519172 0.5696626106194691 0.6203355457227138
0 0.3385937499999999 0.9127083333333332 0.32968749999999997 0.8770833333333333 0.27015625 0.9035416666666667 0.2790625 0.9391666666666666
0 0.8848023796498905 0.6016958424507661 0.8243469638949673 0.5863420860685634 0.8171806619256019 0.6365061998541213 0.8776360776805252 0.651859956236324
1 0.22951732673267328 0.15643564356435646 0.14195544554455447 0.14476072607260726 0.13661819306930695 0.21592409240924096 0.22418007425742575 0.22759900990099016
1 0.48367903930131007 0.2882096069868997 0.41592521834061136 0.2761644832605532 0.4093340611353712 0.34207605531295493 0.4770878820960699 0.3541211790393014
1 0.3051782490974729 0.5524067388688327 0.2975564079422382 0.4584040312876054 0.2478418321299638 0.4655700962695548 0.2554636732851985 0.5595728038507823
1 0.3140625 0.8812500000000001 0.2929086538461539 0.8318910256410257 0.23064903846153845 0.8793269230769231 0.25180288461538464 0.9286858974358976
1 0.5957187500000002 0.7212083333333336 0.5357812500000001 0.709791666666667 0.5285937500000002 0.7768750000000002 0.5885312500000002 0.788291666666667
2 0.2515329258675079 0.33991193480546805 0.2199231072555205 0.2862710304942166 0.1627858832807571 0.3461290746582545 0.19439570189274452 0.3997699789695059
2 0.540625 0.43125000000000013 0.50625 0.43125000000000013 0.50625 0.5166666666666668 0.540625 0.5166666666666668
2 0.21942567567567567 0.853322072072072 0.21152871621621622 0.7901463963963964 0.16085304054054056 0.8014076576576576 0.16875 0.8645833333333334
2 0.8337328767123287 0.7126997716894979 0.80703125 0.634375 0.774304366438356 0.6542094748858448 0.8010059931506849 0.7325342465753426
2 0.8367999999999999 0.8218000000000002 0.8002374999999997 0.7513833333333334 0.7661124999999998 0.7828833333333335 0.8026749999999998 0.8533000000000003
2 0.8916153846153845 0.755397435897436 0.8569134615384616 0.7528269230769232 0.8535288461538462 0.8340576923076922 0.8882307692307692 0.8366282051282051
