3 0.9664338003778339 0.2096058984047018 0.9260390428211588 0.10602959697732998 0.8832867600755667 0.13567117968094042 0.9236815176322418 0.23924748110831223
3 0.31093750000000003 0.5666666666666668 0.28046875000000004 0.5260416666666667 0.24609375 0.5718750000000001 0.2765625 0.6125000000000002
3 0.8232568641618496 0.8859344894026974 0.813394147398844 0.8004576107899807 0.7649024566473989 0.8104046242774566 0.7747651734104046 0.8958815028901733
3 0.9745899321266966 0.7176847662141781 0.9156391402714931 0.6462292609351434 0.861906108597285 0.7250377073906485 0.9208569004524886 0.7964932126696832
3 0.290125 0.6838333333333334 0.25581250000000005 0.6228333333333335 0.20831250000000004 0.6703333333333334 0.242625 0.7313333333333334
3 0.6203125 0.4062500000000001 0.5390625 0.4062500000000001 0.5390625 0.47083333333333344 0.6203125 0.47083333333333344
3 0.1701923076923077 0.6346153846153847 0.13774038461538468 0.6057692307692307 0.09086538461538467 0.6995192307692306 0.12331730769230771 0.7283653846153845
3 0.459375 0.24166666666666672 0.4171875 0.24166666666666672 0.4171875 0.31875000000000014 0.459375 0.31875000000000014
3 0.6015625000000002 0.8479166666666669 0.5421875 0.7687500000000002 0.5023437500000001 0.8218750000000001 0.5617187500000002 0.9010416666666669
3 0.3515625000000001 0.7770833333333333 0.2750000000000001 0.7770833333333333 0.2750000000000001 0.8270833333333333 0.3515625000000001 0.8270833333333333
3 0.51771875 0.272125 0.4617187499999999 0.26145833333333335 0.44778124999999996 0.39154166666666673 0.5037812500000001 0.4022083333333334
3 0.2406250000000001 0.78125 0.17343750000000008 0.78125 0.17343750000000008 0.8541666666666666 0.2406250000000001 0.8541666666666666
