3 0.88515625 0.9197916666666668 0.825 0.8395833333333333 0.7804687499999999 0.8989583333333334 0.840625 0.9791666666666669
3 0.5611828810623558 0.648147613548884 0.5054200346420324 0.5956649345650502 0.46060190531177836 0.6803214010777522 0.5163647517321017 0.732804080061586
3 0.2140625 0.28541666666666665 0.14687500000000003 0.28541666666666665 0.14687500000000003 0.35625 0.2140625 0.35625
3 0.28515625000000006 0.4385416666666668 0.259375 0.4041666666666668 0.21015625000000004 0.4697916666666667 0.23593750000000005 0.5041666666666668
3 0.6393857758620689 0.5969109195402299 0.6177262931034482 0.524712643678161 0.5347521551724138 0.5689655172413792 0.5564116379310344 0.6411637931034482
3 0.4362980769230768 0.5503205128205129 0.42079326923076915 0.4469551282051282 0.3835336538461539 0.4568910256410256 0.39903846153846156 0.5602564102564104
3 0.615625 0.7770833333333333 0.534375 0.7770833333333333 0.534375 0.8958333333333334 0.615625 0.8958333333333334
3 0.5098317307692307 0.8422115384615386 0.47387019230769223 0.7583012820512821 0.4420673076923077 0.7825320512820514 0.47802884615384605 0.8664423076923078
3 0.7168749999999999 0.57625 0.6946874999999999 0.5170833333333333 0.6546875 0.54375 0.6768750000000001 0.6029166666666667
0 0.71703125 0.6910416666666666 0.7034374999999999 0.6366666666666666 0.6331249999999999 0.6679166666666666 0.64671875 0.7222916666666666
1 0.50625 0.5416666666666666 0.4640625 0.5416666666666666 0.4640625 0.63125 0.50625 0.63125
2 0.39330561926605506 0.5721139143730888 0.3561783256880734 0.5572629969418961 0.33798738532110095 0.638111620795107 0.37511467889908257 0.6529625382262997
