3 0.5167158018867924 0.8269654088050316 0.4831662735849056 0.6704009433962264 0.42682783018867915 0.6918632075471699 0.46037735849056605 0.848427672955975
3 0.9359375 0.8645833333333336 0.86875 0.8645833333333336 0.86875 0.9458333333333335 0.9359375 0.9458333333333335
3 0.9618243243243245 0.48873873873873885 0.9194890202702706 0.4097128378378379 0.8899282094594596 0.43786599099099105 0.9322635135135137 0.516891891891892
3 0.4203125000000001 0.49375000000000013 0.3890625000000001 0.45208333333333345 0.3273437500000001 0.5343750000000002 0.3585937500000001 0.5760416666666668
3 0.4410348767885533 0.44120627980922095 0.43561456677265503 0.35086777954425 0.3960552464228934 0.355087440381558 0.4014755564387917 0.44542594064652885
3 0.5844805743243244 0.7001970720720722 0.5446790540540541 0.6259009009009009 0.5151182432432433 0.6540540540540541 0.5549197635135137 0.7283502252252254
3 0.965625 0.3229166666666668 0.93125 0.3229166666666668 0.93125 0.4229166666666668 0.965625 0.4229166666666668
3 0.6843750000000002 0.7916666666666669 0.6304687500000001 0.7197916666666668 0.571875 0.7979166666666669 0.6257812500000002 0.8697916666666669
3 0.4953125 0.17916666666666672 0.4546875 0.17916666666666672 0.4546875 0.3041666666666668 0.4953125 0.3041666666666668
3 0.37601156069364156 0.3483501926782273 0.36006141618497106 0.21011560693641618 0.26671784682080923 0.22926300578034678 0.28266799132947973 0.36749759152215794
