1 0.7802532327586207 0.4669899425287358 0.7057650862068965 0.42442528735632196 0.6866918103448276 0.48376436781609206 0.7611799568965518 0.5263290229885059
1 0.5081009615384615 0.8194230769230769 0.4827163461538461 0.7601923076923077 0.42197115384615386 0.806474358974359 0.44735576923076914 0.8657051282051282
3 0.7203125 0.6458333333333334 0.6546875000000001 0.5583333333333335 0.59453125 0.6385416666666669 0.6601562499999999 0.7260416666666668
3 0.7608657094594594 0.7874493243243245 0.7218834459459458 0.7599324324324325 0.6917440878378377 0.835838963963964 0.7307263513513513 0.863355855855856
3 0.6615663109756098 0.5028709349593498 0.5741044207317074 0.48991361788617893 0.567111280487805 0.5738313008130083 0.6545731707317074 0.5867886178861791
3 0.4984375 0.66875 0.4125 0.66875 0.4125 0.7541666666666667 0.4984375 0.7541666666666667
3 0.5296875 0.5729166666666666 0.4828125 0.5729166666666666 0.4828125 0.6708333333333333 0.5296875 0.6708333333333333
3 0.7326514175257733 0.3619415807560139 0.6848099226804124 0.33359106529209637 0.6509181701030928 0.4352663230240551 0.6987596649484538 0.46361683848797264
3 0.5998661947513811 0.6924436003683243 0.5974102209944752 0.6302255985267035 0.5475483425414365 0.6337246777163904 0.5500043162983426 0.6959426795580111
3 0.577839033018868 0.7046029874213837 0.543528891509434 0.702613993710692 0.5401680424528302 0.8056800314465409 0.5744781839622642 0.8076690251572327
3 0.6056250000000002 0.8358333333333335 0.5589557926829268 0.8071138211382115 0.523467987804878 0.9096341463414637 0.5701371951219514 0.9383536585365857
0 0.9828125 0.4500000000000001 0.9171875 0.4500000000000001 0.9171875 0.5000000000000001 0.9828125 0.5000000000000001
2 0.5510237068965518 0.7461206896551725 0.5236530172413794 0.6548850574712645 0.48324353448275864 0.6764367816091955 0.510614224137931 0.7676724137931035
