0 0.7028556034482758 0.5144396551724139 0.6417025862068966 0.4818247126436782 0.6022629310344827 0.6132902298850575 0.663415948275862 0.6459051724137931
0 0.84375 0.5354166666666669 0.7765625 0.5354166666666669 0.7765625 0.6770833333333336 0.84375 0.6770833333333336
0 0.1920483732876713 0.5074914383561644 0.08539169520547951 0.44285102739726034 0.05890410958904115 0.5205479452054795 0.16556078767123295 0.5851883561643837
0 0.40582770270270274 0.43879504504504513 0.3402027027027027 0.4242117117117118 0.3230996621621622 0.5610360360360361 0.38872466216216217 0.5756193693693695
0 0.3921875 0.3625000000000001 0.34921875 0.30520833333333347 0.275 0.40416666666666673 0.31796875 0.4614583333333334
0 0.64375 0.25625000000000014 0.5421875 0.2562500000000001 0.5421875 0.3333333333333334 0.64375 0.3333333333333334
0 0.50625 0.54375 0.4046875 0.54375 0.4046875 0.6208333333333333 0.50625 0.6208333333333333
0 0.5979893867924527 0.9495911949685535 0.5743573113207546 0.7815408805031449 0.5101120283018867 0.7976022012578617 0.5337441037735849 0.9656525157232705
0 0.5655851910828024 0.23065286624203826 0.47395501592356676 0.16401273885350323 0.4489948248407643 0.22502653927813168 0.5406249999999999 0.29166666666666674
0 0.5711943069306931 0.22217409240924094 0.5622215346534654 0.1025371287128713 0.5162747524752476 0.10866336633663366 0.5252475247524753 0.2283003300330033
0 0.79609375 0.5072916666666667 0.75078125 0.44687500000000013 0.67421875 0.5489583333333334 0.71953125 0.609375
