3 0.6106554719917012 0.616774723374827 0.5650836358921163 0.5118214038727524 0.4972704875518673 0.5641683955739973 0.5428423236514524 0.6691217150760719
3 0.6032094594594595 0.765259009009009 0.5551731418918918 0.7195101351351351 0.5069256756756756 0.809572072072072 0.5549619932432434 0.855320945945946
0 0.440625 0.5354166666666667 0.3843750000000001 0.5354166666666667 0.3843750000000001 0.5833333333333334 0.440625 0.5833333333333334
0 0.9165983606557377 0.6544740437158469 0.8932889344262295 0.617178961748634 0.843954918032787 0.6719945355191257 0.867264344262295 0.7092896174863388
0 0.34062500000000007 0.7583333333333335 0.29921875 0.703125 0.2765625 0.7333333333333333 0.3179687500000001 0.7885416666666669
0 0.44172297297297297 0.2995495495495496 0.42337837837837833 0.2200563063063063 0.392195945945946 0.2328490990990991 0.41054054054054057 0.31234234234234237
0 0.3616515837104072 0.43457767722473606 0.33622030542986414 0.40375188536953244 0.29387019230769224 0.4658653846153846 0.3193014705882352 0.49669117647058825
0 0.41875 0.37916666666666676 0.3578125 0.3791666666666667 0.3578125 0.4312500000000001 0.41875 0.43125000000000013
0 0.08181573275862075 0.5711566091954023 0.04881465517241386 0.5522988505747127 0.023841594827586254 0.6299928160919541 0.05684267241379315 0.6488505747126437
0 0.5328125 0.625 0.4765625 0.625 0.4765625 0.6708333333333333 0.5328125 0.6708333333333333
2 0.6852499999999999 0.8001666666666668 0.6793249999999998 0.7567166666666668 0.6204750000000001 0.7709833333333334 0.6264000000000001 0.8144333333333333
2 0.4669366399082568 0.7097954892966362 0.43673308486238527 0.6350057339449542 0.4030031536697248 0.6592220948012232 0.4332067087155963 0.7340118501529052
