1 0.3155659002590673 0.48388277202072544 0.3017074158031088 0.3955990932642488 0.19970773963730568 0.4240641191709845 0.21356622409326423 0.5123477979274612
0 0.57421875 0.6864583333333333 0.5109375 0.6020833333333334 0.4765625000000001 0.6479166666666668 0.53984375 0.7322916666666667
0 0.9234375 0.7187500000000002 0.8265625 0.7187500000000002 0.8265625 0.7729166666666669 0.9234375 0.7729166666666669
0 0.25093750000000004 0.8608333333333335 0.226875 0.7966666666666666 0.159375 0.8416666666666666 0.18343750000000006 0.9058333333333334
0 0.11965144230769234 0.27315705128205126 0.05444711538461542 0.25576923076923075 0.03467548076923079 0.38758012820512816 0.09987980769230771 0.4049679487179487
0 0.3375000000000001 0.6645833333333333 0.2890625000000001 0.6645833333333333 0.2890625000000001 0.7604166666666666 0.3375000000000001 0.7604166666666666
0 0.6446691176470589 0.6909313725490197 0.5678492647058826 0.603137254901961 0.533327205882353 0.6568382352941179 0.6101470588235294 0.7446323529411766
0 0.703125 0.6041666666666666 0.634375 0.6041666666666666 0.634375 0.7375 0.703125 0.7375
0 0.846875 0.6625000000000002 0.7671875 0.6625000000000002 0.7671875 0.7562500000000002 0.846875 0.7562500000000002
2 0.8089442567567569 0.6934459459459459 0.7898902027027028 0.6108783783783786 0.6877787162162163 0.6527702702702703 0.7068327702702704 0.7353378378378378
2 0.7779447115384615 0.7782852564102566 0.7634134615384615 0.7072435897435897 0.6723197115384616 0.7403685897435897 0.6868509615384616 0.8114102564102567
3 0.5176971153846155 0.6565192307692308 0.40987019230769234 0.6485320512820513 0.4069663461538462 0.718224358974359 0.5147932692307693 0.7262115384615385
