0 0.81875 0.3083333333333335 0.79375 0.2750000000000002 0.74765625 0.33645833333333347 0.77265625 0.3697916666666668
0 0.44435344827586204 0.5909051724137931 0.4414547413793103 0.5445258620689656 0.38300646551724127 0.5510201149425289 0.385905172413793 0.5973994252873565
0 0.8831129807692306 0.7771634615384617 0.8699158653846153 0.7126442307692309 0.7945552884615383 0.7400480769230771 0.8077524038461537 0.8045673076923078
0 0.3140625000000001 0.8458333333333333 0.2750000000000001 0.8458333333333333 0.2750000000000001 0.93125 0.3140625000000001 0.93125
0 0.4170031601123596 0.39685159176029955 0.4087605337078652 0.34922752808988755 0.3473665730337078 0.3681179775280898 0.35560919943820224 0.4157420411985019
0 0.19948113207547172 0.1384119496855346 0.13787735849056604 0.12301100628930818 0.13048349056603775 0.17558962264150946 0.1920872641509434 0.1909905660377359
0 0.3597790948275862 0.582507183908046 0.34474676724137937 0.5357399425287357 0.28760775862068966 0.5683908045977012 0.30264008620689653 0.6151580459770115
0 0.6590206185567011 0.5000214776632304 0.5927673969072165 0.46076030927835065 0.5767880154639176 0.5086984536082475 0.6430412371134021 0.5479596219931273
0 0.6039611486486487 0.5187725225225227 0.5403885135135136 0.4926914414414416 0.5283614864864866 0.5448085585585587 0.5919341216216217 0.5708896396396398
0 0.4578125 0.5916666666666667 0.3968750000000001 0.5916666666666667 0.3968750000000001 0.64375 0.4578125 0.64375
0 0.56328125 0.23229166666666676 0.52109375 0.1760416666666667 0.4984374999999999 0.20625000000000007 0.540625 0.2625000000000001
0 0.681875 0.5662500000000001 0.6659375000000001 0.52375 0.6153125000000002 0.5575 0.6312500000000001 0.6000000000000001
0 0.3625 0.45416666666666666 0.290625 0.45416666666666666 0.2906250000000001 0.5041666666666667 0.36250000000000004 0.5041666666666667
