3 0.7994375 0.4822500000000002 0.7404374999999999 0.42325000000000007 0.6716249999999999 0.5455833333333333 0.7306250000000001 0.6045833333333335
3 0.4614151200873363 0.4910571324599709 0.3564069323144105 0.4723890101892286 0.3447393558951965 0.5890647743813684 0.4497475436681223 0.6077328966521108
0 0.809375 0.23125000000000012 0.728125 0.23125000000000012 0.728125 0.29583333333333345 0.809375 0.29583333333333345
0 0.6269935344827587 0.3285201149425287 0.5982219827586207 0.23261494252873566 0.5578125 0.2541666666666667 0.5865840517241379 0.3500718390804598
0 0.6808327151335312 0.5134891196834819 0.6036071958456974 0.4555699802176064 0.5795298590504452 0.5126421859545006 0.6567553783382789 0.570561325420376
0 0.5296875 0.4375 0.4984375 0.3958333333333334 0.4375000000000001 0.47708333333333347 0.46875 0.51875
0 0.38000000000000006 0.61125 0.35531250000000003 0.5454166666666665 0.2721875 0.6008333333333333 0.29687500000000006 0.6666666666666666
0 0.39875000000000005 0.3966666666666666 0.36031250000000004 0.29416666666666663 0.3134375 0.32541666666666663 0.351875 0.42791666666666667
0 0.590625 0.5666666666666667 0.5375 0.5666666666666667 0.5375 0.7 0.590625 0.7
0 0.5546875 0.25416666666666676 0.5 0.2541666666666667 0.5 0.34583333333333344 0.5546875 0.34583333333333344
