0 0.32270220588235293 0.16066176470588242 0.28250000000000003 0.14875000000000008 0.2669117647058824 0.2422794117647059 0.3071139705882353 0.25419117647058825
0 0.9420797413793103 0.822557471264368 0.9088900862068966 0.8035919540229888 0.8821390086206897 0.8868175287356324 0.9153286637931034 0.9057830459770116
0 0.20584195859872617 0.619400212314225 0.1453025477707007 0.5753715498938429 0.1284036624203822 0.6166799363057325 0.18894307324840764 0.6607085987261146
0 0.23690068493150682 0.16532534246575345 0.20196917808219178 0.14785958904109595 0.18110017123287672 0.22206050228310506 0.21603167808219176 0.2395262557077626
0 0.4484375 0.49375000000000013 0.4078125 0.49375000000000013 0.4078125 0.58125 0.4484375 0.58125
0 0.8133849557522124 0.8656157817109147 0.7852876106194688 0.8328355457227139 0.7422151548672564 0.8984697640117995 0.7703125 0.9312500000000002
0 0.7546875 0.5979166666666669 0.7078125 0.5354166666666669 0.68046875 0.5718750000000002 0.72734375 0.6343750000000002
0 0.6861778846153845 0.4650641025641026 0.6503605769230768 0.3934294871794871 0.6193509615384615 0.42099358974358964 0.6551682692307692 0.4926282051282051
0 0.6576262953367877 0.5132232297063906 0.6292584196891193 0.49115932642487065 0.5993928108808291 0.5594235751295339 0.6277606865284975 0.5814874784110537
0 0.3875 0.225 0.359375 0.18750000000000006 0.31171875 0.2510416666666668 0.33984374999999994 0.28854166666666675
0 0.5546514423076925 0.6326762820512821 0.5172956730769231 0.5686378205128206 0.49100961538461546 0.5958974358974359 0.5283653846153847 0.6599358974358974
0 0.6379192073170731 0.3658028455284554 0.6159679878048779 0.3292174796747968 0.5660442073170732 0.382469512195122 0.5879954268292682 0.4190548780487805
0 0.7238970588235295 0.4267156862745099 0.6738970588235295 0.41004901960784323 0.6671875 0.44583333333333347 0.7171875000000001 0.46250000000000013
0 0.69375 0.36875000000000013 0.61875 0.36875000000000013 0.61875 0.4187500000000001 0.69375 0.4187500000000001
