0 0.3358173076923077 0.6487179487179486 0.31538461538461543 0.6078525641025642 0.26021634615384615 0.6568910256410256 0.28064903846153844 0.6977564102564102
0 0.2982487416107383 0.7444071588366891 0.23470008389261748 0.6850950782997763 0.20519085570469803 0.7413031319910516 0.2687395134228188 0.8006152125279643
0 0.6296875 0.3437500000000001 0.5546875 0.3437500000000001 0.5546875 0.4187500000000001 0.6296875 0.4187500000000001
0 0.23515625 0.5656249999999999 0.21907327586206898 0.5155890804597701 0.15721982758620692 0.5509339080459771 0.17330280172413795 0.6009698275862069
0 0.5426591981132075 0.3519654088050315 0.4991155660377359 0.33537735849056616 0.4763561320754718 0.4415880503144655 0.5198997641509434 0.4581761006289309
0 0.16875000000000004 0.60625 0.12812500000000004 0.60625 0.12812500000000004 0.6979166666666666 0.16875000000000004 0.6979166666666666
0 0.19062500000000004 0.37916666666666665 0.15156250000000004 0.37916666666666665 0.15156250000000004 0.475 0.19062500000000004 0.475
0 0.32593330536912757 0.5818372483221476 0.2886430369127517 0.5108081655480985 0.26274119127516776 0.5349832214765102 0.3000314597315436 0.6060123042505593
0 0.22078263274336285 0.6614306784660767 0.17567063053097348 0.6574207227138642 0.17148091814159294 0.7412149705014749 0.21659292035398234 0.7452249262536874
0 0.624390368852459 0.333558743169399 0.6058862704918033 0.27716530054644806 0.5229354508196721 0.32555327868852457 0.5414395491803279 0.38194672131147545
0 0.6128252262443439 0.21711915535444953 0.5925586821266968 0.1600725867269985 0.5142427884615384 0.20953525641025642 0.5345093325791854 0.26658182503770744
0 0.27347397859922185 0.4804717898832685 0.23466074902723738 0.47723735408560314 0.23034411478599223 0.5693255512321661 0.26915734435797667 0.5725599870298315
