0 0.1151273885350319 0.3352441613588111 0.08283240445859873 0.3117569002123143 0.05703622611464967 0.37481422505307854 0.08933121019108284 0.39830148619957545
0 0.6265625000000001 0.7937500000000004 0.584375 0.7375000000000003 0.5593750000000001 0.7708333333333335 0.6015625000000002 0.8270833333333336
0 0.5515625 0.6020833333333333 0.4828125 0.6020833333333333 0.4828125 0.64375 0.5515625 0.64375
0 0.22812500000000008 0.8958333333333334 0.2000000000000001 0.8958333333333334 0.2000000000000001 0.9625 0.22812500000000008 0.9625
0 0.9523317307692307 0.7913782051282053 0.9348317307692309 0.750544871794872 0.8772836538461538 0.7943910256410258 0.8947836538461538 0.8352243589743592
0 0.571875 0.7958333333333336 0.5515625 0.7687500000000003 0.51171875 0.8218750000000002 0.53203125 0.8489583333333336
0 0.48863146551724146 0.6889367816091955 0.45630387931034483 0.6716954022988505 0.43604525862068966 0.7392241379310346 0.4683728448275863 0.7564655172413794
0 0.2835937500000001 0.8489583333333334 0.22259615384615392 0.8326923076923076 0.21652644230769233 0.8731570512820512 0.2775240384615385 0.8894230769230769
0 0.7125 0.4812500000000001 0.68046875 0.4385416666666668 0.6265625 0.5104166666666669 0.65859375 0.5531250000000002
0 0.5737562499999999 0.7617250000000001 0.5407374999999999 0.6981333333333333 0.5118937499999998 0.7247583333333334 0.5449124999999999 0.7883500000000001
0 0.4015625 0.2833333333333334 0.3359375 0.2833333333333333 0.3359375 0.3375000000000001 0.4015625 0.33750000000000013
0 0.5462271341463414 0.7973577235772358 0.507202743902439 0.7323170731707318 0.4774771341463415 0.7640243902439026 0.5165015243902439 0.8290650406504066
0 0.5983173076923077 0.8221153846153847 0.5479326923076923 0.8137179487179488 0.544110576923077 0.8544871794871796 0.5944951923076924 0.8628846153846155
0 0.5620426829268295 0.5611788617886181 0.49172256097560985 0.5410873983739839 0.4833079268292684 0.5934451219512197 0.553628048780488 0.6135365853658539
0 0.30937500000000007 0.9125 0.2562500000000001 0.9125 0.2562500000000001 0.9541666666666667 0.30937500000000007 0.9541666666666667
