1 0.7984375 0.22083333333333346 0.7328125 0.22083333333333346 0.7328125 0.28958333333333347 0.7984375 0.28958333333333347
1 0.301583614864865 0.8199605855855857 0.26670185810810826 0.786739864864865 0.21855996621621637 0.87660472972973 0.2534417229729731 0.9098254504504507
1 0.7243777654867257 0.59172197640118 0.6751521017699115 0.5342920353982301 0.6512444690265486 0.5707227138643068 0.7004701327433628 0.6281526548672568
1 0.2895341981132075 0.07511792452830195 0.24999999999999994 0.04583333333333338 0.21447523584905656 0.13109276729559755 0.25400943396226416 0.16037735849056609
1 0.2640625 0.16875000000000004 0.21640625 0.10520833333333333 0.1828125 0.15000000000000002 0.23046875 0.2135416666666667
1 0.23562500000000003 0.5304166666666666 0.20718750000000002 0.4545833333333333 0.1665625 0.4816666666666667 0.195 0.5575
1 0.30191271551724136 0.41914511494252876 0.27548491379310347 0.3369252873563218 0.2339978448275862 0.36063218390804597 0.2604256465517241 0.4428520114942529
1 0.7172719594594594 0.4548423423423422 0.7110641891891892 0.4051801801801801 0.6464527027027026 0.41953828828828826 0.6526604729729729 0.46920045045045033
1 0.21125000000000008 0.7091666666666667 0.16906250000000006 0.6904166666666668 0.14828125000000003 0.7735416666666668 0.19046875000000002 0.7922916666666668
1 0.724903350515464 0.28674828178694173 0.661694587628866 0.24929123711340218 0.6419780927835053 0.3084407216494847 0.7051868556701032 0.3458977663230242
