1 0.87375 0.24708333333333332 0.8074816176470592 0.17134803921568634 0.7685477941176473 0.23191176470588246 0.8348161764705884 0.30764705882352944
1 0.5884615384615386 0.7394230769230768 0.5627403846153847 0.6879807692307692 0.5 0.74375 0.5257211538461539 0.7951923076923076
1 0.903125 0.7500000000000003 0.86953125 0.7052083333333334 0.815625 0.7770833333333335 0.8492187500000001 0.8218750000000004
1 0.615625 0.6833333333333333 0.575 0.6833333333333333 0.575 0.7791666666666667 0.615625 0.7791666666666667
1 0.7643382352941176 0.6618872549019608 0.7463235294117647 0.5658088235294118 0.6941176470588235 0.5832107843137254 0.7121323529411765 0.6792892156862744
1 0.60234375 0.6822916666666666 0.5992834051724139 0.6129238505747125 0.5150161637931034 0.6195330459770113 0.5180765086206897 0.6889008620689655
1 0.7443933823529412 0.7825980392156863 0.7279411764705881 0.6948529411764706 0.6838235294117647 0.7095588235294116 0.7002757352941177 0.7973039215686273
1 0.46926591981132076 0.9408215408805031 0.44671285377358494 0.8866941823899371 0.3773290094339623 0.9380896226415095 0.39988207547169813 0.9922169811320755
3 0.2171875 0.1479166666666667 0.140625 0.14791666666666667 0.14062500000000003 0.2875 0.2171875 0.2875
3 0.7782105383211679 0.42911344282238434 0.761285355839416 0.3807557785888077 0.6805371806569342 0.43099908759124084 0.697462363138686 0.47935675182481746
2 0.8670797413793103 0.4670258620689656 0.8605172413793104 0.36202586206896553 0.8113793103448275 0.3674856321839081 0.8179418103448274 0.4724856321839081
2 0.805074668141593 0.8244100294985253 0.7692339601769911 0.7825958702064899 0.7274198008849557 0.8463126843657818 0.7632605088495575 0.8881268436578172
