1 0.8166897123893804 0.6745390855457231 0.7694551991150441 0.6025626843657819 0.6854950221238937 0.7005162241887907 0.73272953539823 0.772492625368732
1 0.32265625000000003 0.40937500000000004 0.19921875000000003 0.24479166666666677 0.13593750000000004 0.3291666666666667 0.259375 0.4937500000000001
1 0.1698932926829268 0.6887195121951221 0.09862804878048778 0.6127032520325204 0.02317073170731705 0.7384654471544715 0.09443597560975606 0.8144817073170731
1 0.2750000000000001 0.7895833333333333 0.1390625000000001 0.7895833333333333 0.1390625000000001 0.9104166666666667 0.2750000000000001 0.9104166666666667
1 0.19179510746606337 0.483903657616893 0.03211255656108601 0.4737650829562595 0.02826993778280549 0.5813584087481147 0.18795248868778286 0.5914969834087481
1 0.7631433823529411 0.4111519607843137 0.720266544117647 0.3158700980392158 0.6106617647058823 0.4035539215686275 0.6535386029411765 0.4988357843137255
1 0.3631221719457014 0.3276772247360482 0.28619202488687784 0.11113310708898944 0.19289804864253393 0.17005561840120667 0.26982819570135747 0.3865997360482655
1 0.930889423076923 0.39759615384615415 0.8429086538461539 0.3193910256410259 0.7936298076923076 0.41794871794871824 0.8816105769230769 0.49615384615384645
1 0.5180718335424883 0.5718383978725947 0.48120714189673713 0.47204307099318754 0.34752319379705987 0.5598355145213338 0.38438788544281105 0.659630841400741
1 0.457625 0.7524166666666666 0.44740625000000006 0.6570416666666666 0.31090625 0.6830416666666667 0.321125 0.7784166666666666
1 0.7718600867678957 0.5748788864786698 0.6820268438177873 0.4888846710050617 0.639377711496746 0.5680902024584239 0.7292109544468545 0.654084417932032
