1 0.6709784836065574 0.4514344262295083 0.632248975409836 0.4084016393442623 0.583452868852459 0.48647540983606563 0.6221823770491803 0.5295081967213116
1 0.7332974137931034 0.899425287356322 0.6818426724137931 0.8719827586206897 0.6642780172413794 0.9305316091954023 0.7157327586206896 0.9579741379310346
1 0.746875 0.5708333333333333 0.71484375 0.5281250000000002 0.66015625 0.6010416666666669 0.6921875 0.6437500000000002
1 0.38200103591160217 0.34402624309392277 0.3100915055248618 0.2577348066298343 0.27567334254143644 0.3087246777163904 0.3475828729281768 0.39501611418047883
1 0.7499399038461539 0.712099358974359 0.740204326923077 0.6471955128205129 0.6587740384615384 0.6689102564102565 0.6685096153846153 0.7338141025641025
1 0.6773345588235296 0.8553676470588236 0.6137683823529412 0.8196813725490197 0.5960330882352942 0.875843137254902 0.6595992647058825 0.9115294117647059
1 0.6632063074901444 0.6945220105124837 0.6113604632063074 0.6217559132720106 0.5742793199737186 0.668725361366623 0.6261251642575557 0.7414914586070961
1 0.7117378048780488 0.39918699186991874 0.70234375 0.2864583333333333 0.6452362804878049 0.2949186991869919 0.6546303353658537 0.40764735772357724
1 0.8092788461538462 0.46897435897435913 0.7428125 0.4183333333333335 0.7181009615384615 0.47599358974358985 0.7845673076923078 0.5266346153846155
3 0.8828125 0.6895833333333335 0.82734375 0.6156250000000002 0.78125 0.6770833333333336 0.8367187500000002 0.7510416666666669
0 0.7672836538461538 0.9314743589743592 0.7543028846153845 0.9011858974358974 0.7063461538461537 0.9377243589743589 0.719326923076923 0.9680128205128207
