1 0.1687500000000001 0.775 0.10156250000000008 0.775 0.10156250000000008 0.8354166666666667 0.1687500000000001 0.8354166666666667
1 0.25190850175746926 0.8311584651435265 0.20496485061511427 0.7348637961335677 0.163829086115993 0.7705147920328062 0.21077273725834797 0.866809461042765
1 0.5354622435123717 0.6857511064172199 0.5079426297525649 0.6162278716556024 0.42080095805672907 0.6775497887748944 0.448320571816536 0.7470730235365118
1 0.3459375 0.7183333333333334 0.32437499999999997 0.6608333333333334 0.25687499999999996 0.7058333333333333 0.2784375 0.7633333333333333
1 0.4055365853658538 0.5401443089430895 0.35483079268292683 0.5226971544715447 0.3339649390243903 0.6305040650406505 0.38467073170731714 0.6479512195121953
1 0.546875 0.5041666666666668 0.459375 0.5041666666666668 0.459375 0.5854166666666667 0.546875 0.5854166666666667
1 0.599704391891892 0.44611486486486496 0.5077280405405407 0.42567567567567577 0.49919763513513515 0.4939189189189191 0.5911739864864864 0.5143581081081082
1 0.7214273174157303 0.4088366104868915 0.629564606741573 0.3805711610486892 0.6158971207865169 0.45953885767790276 0.7077598314606741 0.48780430711610495
2 0.26207770270270275 0.6992117117117118 0.2172297297297298 0.6892454954954955 0.20536317567567575 0.784177927927928 0.25021114864864874 0.7941441441441442
2 0.4856606543624161 0.42124161073825517 0.4063255033557048 0.40557046979865785 0.3981040268456376 0.4795637583892619 0.47743917785234896 0.49523489932885917
2 0.8802427477840453 0.40133460918614033 0.7771253021756649 0.38562147461724433 0.7705630539887189 0.4621810367982811 0.8736804995970993 0.47789417136717716
1 0.4680703125000001 0.49818750000000006 0.395934902895014 0.4704025551094723 0.3832310218002385 0.5290370051258165 0.4553664314052246 0.5568219500163442
