1 0.2413602941176471 0.48982843137254906 0.19761029411764713 0.4752450980392157 0.18115808823529417 0.5629901960784314 0.22490808823529415 0.5775735294117648
1 0.1953125 0.016666666666666694 0.1265625 0.016666666666666687 0.1265625 0.07708333333333336 0.1953125 0.07708333333333336
1 0.5629606213872832 0.417533718689788 0.5555364884393064 0.35319123314065515 0.49225072254335256 0.36617292870905593 0.4996748554913294 0.43051541425818873
1 0.45649587563451777 0.5462563451776651 0.39921081852791873 0.4800602791878174 0.3664221129441624 0.5305044416243656 0.4237071700507614 0.5967005076142133
1 0.4114046391752576 0.7779639175257731 0.38447164948453605 0.6971649484536083 0.345763530927835 0.7201030927835053 0.3726965206185566 0.80090206185567
1 0.5275760135135136 0.804391891891892 0.4788006756756758 0.7133445945945948 0.4397804054054054 0.7505067567567569 0.48855574324324325 0.8415540540540541
1 0.6262222666971639 0.5554017993290638 0.5897086573650504 0.5524512046355596 0.5856287168344008 0.6422098963098506 0.6221423261665142 0.6451604910033547
1 0.6913871951219511 0.5549796747967479 0.6568978658536585 0.5181910569105691 0.6088795731707316 0.5982215447154471 0.6433689024390243 0.635010162601626
2 0.7426250000000001 0.7561666666666669 0.6863750000000001 0.6999166666666669 0.6621875 0.742916666666667 0.7184375000000001 0.7991666666666669
2 0.5892067307692307 0.8451282051282052 0.5184735576923076 0.8194070512820514 0.5076562499999999 0.8722916666666668 0.5783894230769231 0.8980128205128205
2 0.44061596820809246 0.9238800578034682 0.43044617052023126 0.8357418111753372 0.39545700867052025 0.8429190751445087 0.4056268063583815 0.9310573217726397
3 0.5653124999999999 0.6512500000000003 0.5334374999999999 0.6016666666666668 0.47630514705882343 0.6669607843137256 0.5081801470588234 0.716544117647059
