2 0.508128612716763 0.5774686897880541 0.44136560693641613 0.45608140655105983 0.3757947976878612 0.5201950867052024 0.4425578034682081 0.6415823699421968
2 0.5703125 0.6395833333333333 0.4671875 0.6395833333333333 0.4671875 0.7229166666666667 0.5703125 0.7229166666666667
1 0.2590800935484559 0.734814114542753 0.1393690454580215 0.6829886732482503 0.11506065168071326 0.7828103729571402 0.23477169977114762 0.8346358142516429
1 0.4416081162979002 0.6019532920342612 0.32804161214027 0.5958357642106352 0.3252712862841315 0.68726448274744 0.43883779044176174 0.693382010571066
1 0.45347876142473115 0.7297941901127036 0.4457107671855073 0.6651671459827312 0.33149279366553086 0.689573703392616 0.3392607879047548 0.7542007475225885
1 0.9490516618497111 0.3844894026974952 0.9286940028901736 0.20805635838150285 0.832180274566474 0.22785404624277453 0.8525379335260116 0.4042870905587668
1 0.7071501014198782 0.27505916159567273 0.6378074290060851 0.14704192021636237 0.5701476926977687 0.21219574036511155 0.6394903651115618 0.34021298174442194
1 0.5386123530132287 0.3494977951984322 0.531014974277315 0.23553711415972564 0.39834792993630574 0.2512606157112527 0.4059453086722195 0.36522129674995923
1 0.35098584989354153 0.601694464158978 0.3465461985450674 0.49711601017269935 0.22394373225691983 0.5063690264963331 0.2283833836053939 0.6109474804826117
2 0.36875 0.3291666666666668 0.30546875 0.24479166666666677 0.2125 0.36875000000000013 0.27578125 0.4531250000000001
