1 0.4809320669671603 0.3291223975101954 0.41354636188023186 0.2645444301352222 0.38552297971667737 0.3165298347284826 0.45290868480360585 0.3811078021034558
1 0.3155048076923077 0.6450320512820513 0.2783653846153846 0.6120192307692308 0.23774038461538463 0.6932692307692307 0.2748798076923077 0.7262820512820514
1 0.4795963130914826 0.6913479232386962 0.470590989747634 0.591288774973712 0.42629140378548885 0.5983767087276551 0.4352967271293374 0.6984358569926393
1 0.6868129863813229 0.6874270428015563 0.6843567607003891 0.6350275616083008 0.6170415856031128 0.6406371595330739 0.6194978112840467 0.6930366407263294
1 0.5453125 0.7354166666666667 0.4828125 0.7354166666666667 0.4828125 0.79375 0.5453125 0.79375
2 0.5142548076923077 0.8671153846153848 0.4785817307692308 0.7838782051282053 0.4427403846153847 0.8111858974358976 0.4784134615384616 0.8944230769230772
2 0.3722128378378379 0.6089527027027029 0.36532939189189195 0.553885135135135 0.2926097972972973 0.570045045045045 0.2994932432432433 0.6251126126126128
2 0.355154128959276 0.5209087481146305 0.3409078054298642 0.46772247360482655 0.2721153846153846 0.5004807692307692 0.28636170814479633 0.5536670437405732
3 0.26997860477178426 0.6121326071922546 0.20906379668049802 0.5651106500691565 0.1925894709543569 0.603051521438451 0.2535042790456432 0.6500734785615492
3 0.4034375 0.6404166666666667 0.359375 0.6208333333333335 0.33640625 0.7127083333333334 0.38046875 0.7322916666666668
1 0.35187265509942167 0.8840317660263922 0.3252115408825998 0.837914408018471 0.2780772724776356 0.8863570833630268 0.30473838669445746 0.9324744413709479
1 0.342467396680017 0.40108842493928404 0.33864303349766217 0.30802232331401186 0.29843971545568676 0.31095934380720086 0.3022640786380416 0.40402544543247304
1 0.6461516504721077 0.10305691548787843 0.5937567383314711 0.10011564257766584 0.5902403851710825 0.21147424019061967 0.6426352973117189 0.21441551310083226
