1 0.6005675 0.44353666666666675 0.57273 0.37585333333333343 0.5001125 0.4289500000000001 0.5279499999999999 0.4966333333333334
1 0.6633219844357978 0.48538099870298335 0.5911746108949417 0.42952496757457864 0.5603574902723737 0.5002902075226979 0.6325048638132297 0.5561462386511027
1 0.7628599016853932 0.6138927902621724 0.7173279494382024 0.5998829588014982 0.7009480337078653 0.6945224719101125 0.746479985955056 0.7085323033707867
1 0.5998951677316293 0.8110889243876466 0.5408396565495207 0.738405218317359 0.5035792731629393 0.7922257720979766 0.5626347843450479 0.8649094781682642
1 0.5217655642023346 0.8497487029831386 0.518379134241245 0.7775048638132294 0.4348188229571984 0.7844682230869 0.4382052529182879 0.8567120622568093
1 0.6015625 0.8666666666666667 0.53125 0.8666666666666667 0.53125 0.9291666666666667 0.6015625 0.9291666666666667
2 0.6931440548780488 0.6014380081300814 0.6484413109756098 0.5628709349593497 0.6050114329268292 0.6523628048780489 0.6497141768292682 0.6909298780487806
2 0.7000604281767955 0.7411141804788214 0.6679471685082873 0.7025782688766117 0.6194665055248618 0.774401473296501 0.6515797651933701 0.8129373848987107
2 0.6392721036585366 0.8566819105691058 0.6328315548780488 0.779395325203252 0.5975038109756097 0.7846290650406504 0.6039443597560975 0.8619156504065041
2 0.807252358490566 0.7630110062893081 0.7922169811320753 0.6928459119496855 0.746196933962264 0.7103773584905659 0.7612323113207546 0.7805424528301886
2 0.8984900990099011 0.6184653465346536 0.8635705445544554 0.5890594059405941 0.8261076732673265 0.668147689768977 0.8610272277227722 0.6975536303630363
2 0.4360860655737705 0.9055122950819673 0.417546106557377 0.84900956284153 0.3459067622950819 0.8907991803278688 0.3644467213114754 0.9473019125683061
3 0.5086244541484717 0.6345887918486173 0.42029885371179043 0.6188864628820963 0.4135848799126638 0.6860262008733625 0.501910480349345 0.7017285298398837
