1 0.2924486301369863 0.4593493150684932 0.23607448630136987 0.3784018264840183 0.19657962328767123 0.42730022831050235 0.25295376712328765 0.5082477168949772
1 0.3737208258527828 0.6237432675044885 0.36280857271095157 0.5277154398563736 0.3150415170556553 0.5373653500897667 0.32595377019748656 0.6333931777378816
1 0.5342596476510066 0.4463506711409398 0.45791736577181197 0.37509787472035805 0.42547189597315427 0.43689876957494417 0.5018141778523489 0.5081515659955259
1 0.5200000000000001 0.3820833333333334 0.48921875000000004 0.2589583333333333 0.43249999999999994 0.2841666666666666 0.46328125 0.4072916666666668
1 0.5792759146341464 0.6886890243902442 0.5462766768292683 0.569263211382114 0.4958079268292682 0.5940548780487807 0.5288071646341462 0.7134806910569108
1 0.7569628647214854 0.6522159593280282 0.7472335046419099 0.582164566755084 0.6593895059681698 0.6038544429708222 0.6691188660477454 0.6739058355437665
1 0.6438597853087297 0.8057472793943694 0.5884681068133428 0.7230290395079251 0.5513628903477644 0.7672019162526613 0.6067545688431513 0.8499201561391057
1 0.7564797794117647 0.8539828431372548 0.7290441176470588 0.7930147058823528 0.6607996323529411 0.8476102941176469 0.6882352941176471 0.908578431372549
2 0.7461705942622952 0.7750853825136612 0.7407914959016394 0.6961919398907104 0.665842725409836 0.7052766393442623 0.6712218237704917 0.7841700819672132
2 0.5034674657534246 0.5144121004566211 0.4288313356164384 0.46917808219178087 0.40940710616438364 0.5261558219178083 0.4840432363013699 0.5713898401826485
2 0.425 0.49583333333333346 0.3906250000000001 0.49583333333333346 0.3906250000000001 0.6020833333333333 0.425 0.6020833333333333
3 0.18540865384615385 0.401474358974359 0.1317548076923077 0.3925320512820513 0.12377403846153849 0.47766025641025645 0.17742788461538464 0.48660256410256414
