2 0.41796875 0.16979166666666673 0.36171875 0.09479166666666673 0.3296875 0.1375000000000001 0.3859375 0.21250000000000008
2 0.4569297445255474 0.5397840632603407 0.4265054744525547 0.5013534063260341 0.37879562043795617 0.5685006082725061 0.40921989051094887 0.6069312652068127
1 0.3752141497461929 0.33316412859560074 0.31203997461928934 0.26016285956006774 0.27559089467005077 0.3162383671742809 0.3387650697969543 0.3892396362098139
1 0.46437412628145386 0.36269415967691826 0.44125262115563846 0.3119175209692452 0.38025541705498606 0.3612962100031067 0.4033769221808015 0.41207284871077976
1 0.43392307692307686 0.3962628205128206 0.3511923076923077 0.3901346153846154 0.3485432692307692 0.45371153846153844 0.4312740384615384 0.45983974358974355
1 0.3267066199077633 0.5285501537279017 0.29204578209069953 0.48411318216756355 0.24004251537279023 0.5562243786830644 0.274703353189854 0.6006613502434026
1 0.43564136533665837 0.5745635910224439 0.36285458229426437 0.5697111388196175 0.36068812344139656 0.6274833748960931 0.4334749064837905 0.6323358270989193
1 0.7821579391891891 0.6979448198198198 0.7631545608108108 0.6624718468468469 0.714379222972973 0.7089245495495496 0.7333826013513512 0.7443975225225224
1 0.857738970588235 0.6266421568627452 0.8199264705882353 0.5945588235294118 0.7873713235294117 0.6627696078431373 0.8251838235294116 0.6948529411764707
1 0.9062302839116718 0.5365864879074658 0.9020677247634069 0.4903358307045214 0.8411326892744478 0.5000854363827549 0.845295248422713 0.5463360935856993
1 0.9462852604696043 0.5556903643030594 0.9183769146316253 0.48870348666833313 0.8842296756216941 0.5139951521235121 0.912138021459673 0.5809820297582385
1 0.9660964768167956 0.46086690708928957 0.9120386914535853 0.42782641288543855 0.8947216408167968 0.4781953881016215 0.9487794261800071 0.5112358823054726
