1 0.1250190548780488 0.9273119918699186 0.11955030487804878 0.8616869918699186 0.044264481707317074 0.8728404471544715 0.04973323170731707 0.9384654471544714
1 0.49254408713692943 0.8575121023513138 0.4797069502074688 0.793326417704011 0.4019061203319502 0.8209889349930842 0.41474325726141076 0.8851746196403872
1 0.3598441689008043 0.6536919124218052 0.34342325737265417 0.5973916443252905 0.2660606568364611 0.6375055853440572 0.28248156836461125 0.693805853440572
1 0.3644893899204245 0.5207338638373122 0.2970034814323608 0.5017904509283821 0.2855147546419099 0.5745523872679047 0.3530006631299736 0.5934958001768348
1 0.441010028653295 0.5343481375358167 0.4036823961318051 0.5062171680993315 0.36652041547277936 0.5938813276026742 0.40384804799426927 0.6220122970391595
1 0.5038923816568047 0.7007889546351085 0.48401442307692316 0.6371794871794871 0.4155602810650888 0.6752095660749508 0.4354382396449704 0.7388190335305721
1 0.44313145866454684 0.746982644409115 0.4374130564387917 0.6516759406465288 0.39586645468998405 0.6561075781664016 0.40158485691573925 0.7514142819289877
2 0.44940257352941176 0.42089460784313726 0.42775735294117645 0.37279411764705883 0.35997242647058825 0.42702205882352934 0.3816176470588235 0.4751225490196079
2 0.588701923076923 0.41634615384615387 0.5548076923076922 0.3862179487179488 0.513701923076923 0.46842948717948724 0.5475961538461538 0.4985576923076923
2 0.6510817307692307 0.6342948717948718 0.5766586538461539 0.6218910256410256 0.5705288461538462 0.6872756410256412 0.6449519230769231 0.6996794871794874
3 0.5283604452054794 0.762642694063927 0.5090325342465754 0.6939212328767125 0.43745719178082193 0.7297089041095891 0.45678510273972606 0.7984303652968037
1 0.3869193518121661 0.6806143656777967 0.36385973202789884 0.6335349301490076 0.3106673964548231 0.6798526773531759 0.33372701623909035 0.7269321128819649
1 0.42066063373959006 0.8683435755313007 0.38524788212808925 0.831143896670934 0.34300748151503735 0.902630717618807 0.3784202331265381 0.9398303964791737
1 0.5020818544671893 0.6147647238401082 0.49961724649910844 0.5260841631127453 0.4529573782171375 0.5283895318497368 0.4554219861852184 0.6170700925770997
