2 0.38043066838995576 0.4549298375184638 0.377307976366322 0.3466765140324963 0.33470273264401773 0.3488613983259478 0.3378254246676514 0.4571147218119153
2 0.1840745192307692 0.41241987179487183 0.17322115384615383 0.3593589743589744 0.09799278846153844 0.38671474358974367 0.10884615384615384 0.4397756410256411
1 0.46889423076923065 0.20778846153846153 0.4627884615384614 0.1426602564102564 0.37605769230769226 0.15711538461538457 0.38216346153846154 0.22224358974358968
1 0.39687500000000003 0.4500000000000001 0.35156250000000006 0.45000000000000007 0.3515625000000001 0.5416666666666666 0.3968750000000001 0.5416666666666666
1 0.3542822630922694 0.562889650872818 0.30658899625935165 0.5597100997506235 0.30386923316708236 0.6322371155444723 0.3515625000000001 0.6354166666666667
1 0.40675470132743363 0.637177359882006 0.3662057522123894 0.5449483775811211 0.3281111725663717 0.5747234513274339 0.36866012168141593 0.6669524336283187
1 0.619951923076923 0.578846153846154 0.5774038461538462 0.5410256410256411 0.5350961538461538 0.6256410256410256 0.5776442307692308 0.6634615384615385
1 0.6803125000000001 0.5379166666666666 0.6786261792452831 0.4862028301886792 0.6064799528301887 0.4903852201257861 0.6081662735849057 0.5420990566037734
1 0.6430288461538461 0.4097756410256411 0.6040865384615384 0.3751602564102565 0.5663461538461537 0.45064102564102565 0.6052884615384615 0.48525641025641025
1 0.5902283085752871 0.36863465001125373 0.5724193956785956 0.3166919873959037 0.4980872299122215 0.36199921224397935 0.5158961428089128 0.4139418748593293
3 0.5890276486988848 0.2961895910780669 0.5553961431226766 0.2378949814126394 0.48675650557620803 0.30829460966542754 0.5203880111524162 0.3665892193308551
3 0.41288974719101124 0.6939981273408241 0.40889396067415723 0.6380571161048689 0.3589747191011236 0.6443960674157303 0.36297050561797756 0.7003370786516855
