2 0.17569272308781872 0.31066749291784695 0.16037535410764875 0.2539364966949953 0.0913243626062323 0.2870809726156752 0.10664173158640229 0.34381196883852694
1 0.6120913461538462 0.38769230769230767 0.587860576923077 0.34615384615384615 0.5316105769230769 0.40448717948717944 0.5558413461538462 0.44602564102564096
1 0.737375 0.34075000000000005 0.7293000000000001 0.28153333333333336 0.6609624999999999 0.29810000000000003 0.6690375 0.3573166666666667
1 0.6287259615384614 0.4435897435897436 0.593389423076923 0.4121794871794872 0.5530048076923075 0.4929487179487179 0.588341346153846 0.5243589743589744
1 0.6890139248704664 0.5656627806563039 0.656881476683938 0.4922171848013818 0.6202558290155442 0.520703799654577 0.6523882772020726 0.5941493955094992
1 0.7457351434426229 0.5520321038251368 0.7055558401639346 0.5310689890710384 0.6822028688524592 0.6106420765027323 0.7223821721311475 0.6316051912568307
1 0.7686861872812134 0.7238623103850643 0.7633113331388564 0.6719053870089461 0.6979598162193698 0.6839240567872424 0.7033346703617268 0.7358809801633607
1 0.7576098549488055 0.6622866894197953 0.7528636945392492 0.6084968714448235 0.6925767918088737 0.6179536405005687 0.69732295221843 0.6717434584755403
1 0.7118150684931506 0.7086757990867579 0.687542808219178 0.6223744292237444 0.6563784246575342 0.6379566210045663 0.6806506849315068 0.7242579908675799
1 0.6850591216216216 0.6099436936936938 0.6438091216216217 0.569943693693694 0.6052956081081082 0.640551801801802 0.6465456081081081 0.6805518018018019
1 0.611151191969887 0.6866583019657049 0.5863080301129233 0.6083647009619408 0.5475180363864491 0.6302462358845673 0.5723611982434127 0.7085398368883313
1 0.6418496621621622 0.7347972972972973 0.6075591216216216 0.7021396396396395 0.5663851351351351 0.7789977477477479 0.6006756756756757 0.8116554054054056
1 0.6762714899713468 0.7861031518624643 0.6610494269340975 0.7130372492836676 0.6270415472779369 0.7256327602674307 0.6422636103151863 0.7986986628462274
1 0.4926033618521936 0.5586373827093801 0.48415178506773743 0.4839959587672477 0.44735713464952787 0.49140257734069853 0.45580871143398405 0.566044001282831
