1 0.3077220949855352 0.44720347155255546 0.21418680689488917 0.4278035599485696 0.20481030014464804 0.5081736178077789 0.29834558823529417 0.5275735294117647
1 0.4511586372774268 0.41510386750909445 0.40686117892016077 0.3540039249473484 0.33586211229178636 0.4455138330461421 0.38015957064905226 0.5066137756078882
1 0.4265625 0.47708333333333347 0.37031250000000004 0.47708333333333347 0.3703125000000001 0.6041666666666666 0.4265625 0.6041666666666666
1 0.5798282731822972 0.47526014225500535 0.5714609128029505 0.4067274762908325 0.47414877502634356 0.4278494906919565 0.48251613540569027 0.49638215665612934
1 0.655081789399625 0.7616224984365231 0.580439434803002 0.7101450125078175 0.5504499882739212 0.7874511413383367 0.6250923428705443 0.8389286272670422
1 0.4375000000000001 0.6854166666666668 0.3781250000000001 0.6062500000000001 0.34062500000000007 0.6562500000000001 0.4000000000000001 0.7354166666666668
1 0.37077702702702703 0.5995495495495498 0.3118158783783785 0.5753603603603605 0.2867483108108109 0.6839864864864867 0.34570945945945947 0.7081756756756759
1 0.3228365384615385 0.7352564102564102 0.29399038461538457 0.6775641025641026 0.23197115384615383 0.7326923076923076 0.26081730769230765 0.7903846153846154
1 0.22640058290155438 0.7908462867012088 0.19857189119170982 0.7340975820379965 0.13757124352331604 0.787277633851468 0.1653999352331606 0.8440263385146803
1 0.2792134831460674 0.8826779026217226 0.26122717696629216 0.77875702247191 0.20622366573033707 0.7956811797752809 0.22420997191011233 0.8996020599250935
1 0.36406250000000007 0.7333333333333333 0.2734375000000001 0.7333333333333333 0.2734375000000001 0.8020833333333334 0.36406250000000007 0.8020833333333334
2 0.51278125 0.740125 0.5010625 0.6307499999999998 0.45315625 0.6398749999999999 0.464875 0.74925
2 0.8983620689655171 0.5220402298850576 0.8364224137931033 0.5151580459770116 0.829342672413793 0.6284339080459771 0.8912823275862067 0.635316091954023
