2 0.2109375 0.37916666666666665 0.17031250000000003 0.37916666666666665 0.17031250000000003 0.46041666666666664 0.2109375 0.46041666666666664
2 0.53125 0.4875000000000001 0.4859375 0.4875000000000001 0.4859375 0.58125 0.53125 0.58125
2 0.2453125 0.4041666666666667 0.209375 0.4041666666666667 0.209375 0.48125 0.2453125 0.48125
2 0.4159862716763006 0.13854768786127164 0.4106936416184971 0.09267822736030826 0.3477601156069364 0.10558766859344891 0.3530527456647399 0.15145712909441228
2 0.64375 0.8583333333333333 0.575 0.8583333333333333 0.575 0.9166666666666666 0.64375 0.9166666666666666
2 0.5879878393665158 0.8759238310708901 0.5618990384615384 0.8376602564102564 0.5114253393665159 0.8988404977375565 0.5375141402714932 0.9371040723981902
2 0.20663325471698113 0.5465801886792453 0.19690448113207545 0.5011792452830189 0.13767688679245282 0.5237421383647799 0.1474056603773585 0.5691430817610063
2 0.6265625 0.5895833333333335 0.5765625 0.5229166666666668 0.546875 0.5625000000000002 0.596875 0.6291666666666669
2 0.340625 0.17916666666666672 0.29375 0.17916666666666672 0.29375 0.2833333333333333 0.340625 0.2833333333333333
2 0.5875 0.4812500000000001 0.5359375 0.41250000000000014 0.50859375 0.4489583333333335 0.56015625 0.5177083333333335
2 0.5774272983114447 0.7877814258911822 0.502922725140713 0.7791432145090683 0.49932281894934344 0.8343417761100689 0.573827392120075 0.8429799874921826
