2 0.81875 0.8958333333333334 0.77421875 0.8364583333333334 0.75 0.8687500000000001 0.79453125 0.928125
2 0.8241918103448278 0.6683189655172412 0.8099676724137932 0.624066091954023 0.7516971982758621 0.6573635057471264 0.7659213362068965 0.7016163793103448
2 0.18515624999999997 0.7052083333333333 0.16609374999999998 0.6289583333333334 0.13046875 0.6447916666666667 0.14953125 0.7210416666666666
2 0.22505004448398572 0.7714635231316724 0.20795151245551596 0.6985097864768683 0.1691614768683274 0.7146723013048636 0.1862600088967971 0.7876260379596677
2 0.11236172566371683 0.25276548672566373 0.07554618362831862 0.249492994100295 0.07095547566371684 0.3413071533923304 0.10777101769911504 0.34457964601769914
2 0.7673713235294117 0.3363970588235293 0.7600183823529412 0.29718137254901966 0.7045036764705882 0.315686274509804 0.7118566176470588 0.3549019607843137
2 0.7111146907216497 0.7718642611683851 0.6500805412371136 0.73569587628866 0.6335856958762888 0.7851804123711342 0.6946198453608249 0.8213487972508593
2 0.4578125 0.6041666666666666 0.39531250000000007 0.6041666666666666 0.39531250000000007 0.6583333333333333 0.4578125 0.6583333333333333
2 0.567144691780822 0.7192922374429226 0.5094606164383562 0.684332191780822 0.49442422945205483 0.7284389269406394 0.5521083047945206 0.7633989726027399
2 0.15937500000000004 0.49583333333333346 0.11875 0.44166666666666665 0.09218749999999998 0.4770833333333334 0.13281250000000003 0.5312500000000001
