2 0.8243749999999999 0.5266666666666667 0.7474999999999998 0.47541666666666677 0.7249999999999999 0.5354166666666667 0.8018749999999999 0.5866666666666667
2 0.5727909482758621 0.8604885057471267 0.5371497844827585 0.7496048850574712 0.4956627155172414 0.7733117816091953 0.5313038793103448 0.8841954022988507
2 0.5530048076923076 0.082051282051282 0.5292067307692307 0.034455128205128166 0.4751201923076923 0.08253205128205122 0.49891826923076926 0.13012820512820505
2 0.3109375 0.4166666666666667 0.240625 0.4166666666666667 0.240625 0.47708333333333336 0.3109375 0.47708333333333336
2 0.39453125000000006 0.7677083333333335 0.3421875 0.6979166666666666 0.30546875 0.746875 0.3578125000000001 0.8166666666666668
2 0.7735998845265589 0.6179224403387222 0.73114896073903 0.5779686297151657 0.689838337182448 0.655999807544265 0.7322892609699769 0.6959536181678215
2 0.592467570754717 0.6044221698113207 0.5508254716981132 0.5044811320754717 0.5037293632075472 0.5393671383647799 0.545371462264151 0.639308176100629
2 0.6831249999999999 0.31333333333333335 0.6761874999999998 0.24858333333333332 0.6024687499999999 0.262625 0.6094062499999999 0.32737499999999997
1 0.6125 0.32083333333333347 0.5453125 0.32083333333333347 0.5453125 0.40833333333333344 0.6125 0.40833333333333344
3 0.6808197650453421 0.6264615965924706 0.6227032666941467 0.5633226848035175 0.5584874793899423 0.6684030640285793 0.6166039777411377 0.7315419758175323
