2 0.4907211538461539 0.700224358974359 0.4543750000000001 0.6154166666666667 0.4205528846153846 0.6411858974358976 0.45689903846153845 0.7259935897435897
2 0.7083125 0.79425 0.6490625000000001 0.735 0.6246875000000001 0.7783333333333334 0.6839375 0.8375833333333333
2 0.2578125 0.1395833333333334 0.23186107673267325 0.11127268976897693 0.1935720915841584 0.17366955445544557 0.21952351485148514 0.20198019801980205
2 0.3414364640883978 0.6893070902394107 0.3156250000000001 0.6583333333333333 0.2750690607734807 0.7184162062615101 0.3008805248618784 0.7493899631675875
2 0.40112500000000006 0.4561666666666668 0.361 0.3848333333333333 0.32775 0.4180833333333333 0.36787500000000006 0.4894166666666668
2 0.28671875 0.2677083333333334 0.23281250000000003 0.1958333333333334 0.2 0.23958333333333343 0.25390625 0.31145833333333345
2 0.565625 0.7437500000000001 0.534375 0.7020833333333335 0.48515625 0.7677083333333335 0.51640625 0.8093750000000003
2 0.47750000000000004 0.7733333333333334 0.4603125 0.7274999999999999 0.39906250000000004 0.7683333333333333 0.41625000000000006 0.8141666666666668
2 0.5078125 0.5166666666666668 0.484375 0.48541666666666683 0.4421875 0.5416666666666667 0.465625 0.5729166666666667
2 0.5993534482758621 0.7771551724137932 0.5594827586206896 0.7558908045977012 0.5360991379310345 0.8338362068965517 0.575969827586207 0.8551005747126437
2 0.4140625 0.8729166666666667 0.3578125000000001 0.8729166666666667 0.3578125000000001 0.9270833333333334 0.4140625 0.9270833333333334
