2 0.38625000000000004 0.6987500000000001 0.36406250000000007 0.6395833333333333 0.2803125000000001 0.6954166666666667 0.30250000000000005 0.7545833333333334
2 0.7155143805309735 0.6126290560471976 0.6511131084070797 0.6069044985250738 0.6458379424778762 0.7124078171091447 0.71023921460177 0.7181323746312686
2 0.47690479208924935 0.4309203853955375 0.4165853194726165 0.3195613590263691 0.3659260902636916 0.36834432048681537 0.42624556288032445 0.47970334685598376
2 0.4498817567567567 0.5276126126126127 0.3681123310810811 0.4698930180180181 0.34276182432432434 0.5337387387387388 0.4245312499999999 0.5914583333333334
2 0.6810609076433121 0.8116905520169854 0.6448746019108279 0.7232351380042464 0.6044785031847134 0.7526141188959661 0.6406648089171976 0.841069532908705
2 0.2593750000000001 0.6416666666666667 0.21250000000000008 0.6416666666666667 0.21250000000000008 0.7395833333333334 0.2593750000000001 0.7395833333333334
2 0.27387748194945843 0.3793847773766546 0.2398127256317689 0.30873194945848376 0.16692238267148013 0.37120938628158845 0.20098713898916967 0.44186221419975935
2 0.5622952586206896 0.23005747126436787 0.5571551724137931 0.14781609195402298 0.4646982758620689 0.15808908045977013 0.4698383620689655 0.240330459770115
3 0.7975435513447433 0.4441371230643847 0.7902315097799512 0.37914119804400975 0.6644674511002444 0.4042940097799511 0.6717794926650366 0.469289934800326
3 0.3703600888324873 0.31369500846023696 0.2979616116751269 0.3067999153976312 0.2920288705583757 0.41754441624365485 0.36442734771573604 0.4244395093062606
0 0.17968750000000006 0.36666666666666664 0.12500000000000006 0.36666666666666664 0.12500000000000006 0.4708333333333333 0.17968750000000006 0.4708333333333333
0 0.16304186460807596 0.7605354315122723 0.09918720308788598 0.6810718527315915 0.06868690617577196 0.724643705463183 0.13254156769596195 0.8041072842438638
