1 0.853335736919077 0.17713682157946053 0.7556726316217095 0.08938156754414474 0.7112492890802731 0.17727291192720193 0.8089123943776407 0.2650281659625177
1 0.6755129977876105 0.6639067109144545 0.6283158185840707 0.6270169616519176 0.5887306415929203 0.7170538348082597 0.63592782079646 0.7539435840707966
1 0.6564911912751676 0.7662332214765102 0.6252936241610738 0.7068092841163313 0.5571308724832215 0.7704278523489934 0.5883284395973154 0.8298517897091724
1 0.20637327981651374 0.3924923547400613 0.16756594036697245 0.3375152905198778 0.10162270642201834 0.4202675840978593 0.14043004587155966 0.47524464831804286
2 0.2496875 0.4554166666666667 0.221875 0.38125000000000003 0.17375 0.4133333333333334 0.2015625 0.48750000000000004
2 0.5853708114323257 0.6684488611476129 0.5470577365308803 0.6199189662724486 0.4990739980289093 0.6872645641699519 0.5373870729303547 0.7357944590451162
0 0.6194852941176472 0.5627450980392159 0.5682621606334843 0.5594928355957769 0.5640518947963802 0.677380279034691 0.615275028280543 0.6806325414781299
0 0.17918074324324323 0.5188626126126127 0.1700168918918919 0.4455518018018018 0.11604729729729732 0.45754504504504506 0.12521114864864868 0.5308558558558559
0 0.5992456896551724 0.7412356321839081 0.5830818965517242 0.6873563218390806 0.5122306034482758 0.7251436781609196 0.5283943965517242 0.7790229885057471
0 0.6708182803468208 0.866883429672447 0.6633218930635838 0.8019147398843931 0.5935783959537572 0.816221098265896 0.6010747832369941 0.88118978805395
