2 0.659375 0.2291666666666668 0.6171875 0.2291666666666668 0.6171875 0.3229166666666668 0.659375 0.3229166666666668
2 0.6796875 0.4041666666666668 0.64375 0.4041666666666668 0.64375 0.47708333333333347 0.6796875 0.47708333333333347
2 0.7286057692307693 0.5759615384615386 0.6946514423076924 0.5669070512820514 0.6819711538461539 0.6514423076923078 0.7159254807692308 0.6604967948717949
2 0.5141562499999999 0.6175416666666665 0.5089374999999999 0.5688333333333333 0.44746874999999997 0.5805416666666666 0.45268749999999996 0.62925
1 0.5734375 0.6604166666666665 0.5710177529182879 0.6087953955901426 0.5044807879377432 0.6143401426718547 0.5069005350194552 0.6659614137483786
1 0.632719509639564 0.5751449427214307 0.5911436504610226 0.5526246856663873 0.5629649518021793 0.6451086197261806 0.6045408109807208 0.667628876781224
1 0.6995998475609758 0.48813516260162615 0.6632431402439025 0.4827489837398375 0.6554496951219513 0.5762703252032522 0.6918064024390246 0.5816565040650408
1 0.7210865825688074 0.4555237003058103 0.7045728211009175 0.38212920489296637 0.6703125000000001 0.39583333333333337 0.6868262614678899 0.46922782874617736
3 0.6134374999999999 0.5579166666666666 0.588125 0.45666666666666667 0.5009374999999999 0.49541666666666667 0.5262499999999999 0.5966666666666666
3 0.681934691011236 0.6206226591760301 0.6412043539325845 0.586680711610487 0.600122893258427 0.6743211610486891 0.6408532303370787 0.7082631086142324
3 0.771520618556701 0.4749785223367697 0.749484536082474 0.40887027491408934 0.690769974226804 0.44366408934707907 0.7128060567010308 0.5097723367697594
0 0.5078125 0.4687500000000001 0.446875 0.4687500000000001 0.446875 0.5166666666666668 0.5078125 0.5166666666666668
0 0.6566196857670978 0.38813154651879245 0.6249595656192237 0.36802988293284056 0.5954424676524954 0.45067775723967973 0.6271025878003695 0.4707794208256317
0 0.6030605670103092 0.7331400343642613 0.5771585051546391 0.6554338487972509 0.5429445876288659 0.675708762886598 0.5688466494845359 0.7534149484536083
0 0.6840077554744525 0.5014659367396593 0.6187112226277371 0.4914203163017032 0.6143658759124088 0.5416332116788322 0.6796624087591241 0.5516788321167884
3 0.7675696755407653 0.5217207432057683 0.7029898086522463 0.5037818912922908 0.6948913269550748 0.5556121741541876 0.7594711938435939 0.5735510260676651
