3 0.14394711538461538 0.3901474358974359 0.13974999999999999 0.28941666666666666 0.04282692307692306 0.2965961538461538 0.04702403846153846 0.397326923076923
3 0.3283434734513274 0.37438053097345136 0.30081581858407075 0.23368362831858416 0.23676438053097343 0.25596238938053106 0.26429203539823004 0.3966592920353983
3 0.4625295874661857 0.18271528403967546 0.39331464156898105 0.07784415389239557 0.3016639427412082 0.18538097385031563 0.370878888638413 0.2902521039975955
3 0.7996826923076922 0.23196794871794868 0.7950480769230768 0.12073717948717948 0.689730769230769 0.12853846153846155 0.6943653846153846 0.23976923076923076
3 0.9506416481687017 0.19504485756566764 0.8551886792452834 0.12161949685534588 0.8202015122086573 0.2024787273399926 0.9156544811320757 0.27590408805031436
2 0.985480739951279 0.16299228583028852 0.9175376827040196 0.1122614697523348 0.895822548721072 0.16396416971173386 0.9637656059683314 0.21469498578968757
2 0.8754661885245902 0.2343374316939892 0.8215573770491801 0.21742486338797826 0.8058811475409835 0.306256830601093 0.8597899590163935 0.323169398907104
2 0.9008248730964465 0.0783523688663284 0.8275380710659898 0.0713726734348563 0.8239847715736041 0.13770093062605765 0.8972715736040608 0.14468062605752977
2 0.835737203264095 0.12005811078140469 0.7942581602373887 0.11736028684470833 0.7902281157270029 0.22751483679525233 0.8317071587537092 0.23021266073194868
1 0.8273009417808218 0.10258276255707759 0.8084653253424656 0.0473316210045662 0.7225278253424657 0.09941495433789958 0.7413634417808219 0.15466609589041097
1 0.5515349264705881 0.15797794117647068 0.5231617647058823 0.09852941176470592 0.4505698529411764 0.16012254901960785 0.4789430147058823 0.2195710784313726
1 0.2792571741729773 0.16698800983127413 0.22292870665603823 0.13027019396838052 0.17996338182542843 0.24744835259731637 0.2362918493423675 0.28416616846021
0 0.2100480769230769 0.1849038461538461 0.20708173076923075 0.11371153846153845 0.11327403846153847 0.1206602564102564 0.11624038461538462 0.19185256410256407
0 0.3255424703264095 0.13253585558852626 0.2581393731454006 0.10737203264094959 0.2435344028189911 0.1769195103857567 0.3109375 0.2020833333333334
0 0.3591875000000001 0.2705 0.3087500000000001 0.18083333333333335 0.26400000000000007 0.22558333333333339 0.31443750000000004 0.31525000000000003
0 0.5506066176470589 0.2355147058823529 0.5337536764705884 0.18214705882352936 0.45279411764705885 0.22759803921568622 0.4696470588235295 0.28096568627450974
