3 0.5065582191780823 0.44515410958904117 0.4191780821917809 0.4408390410958905 0.4155928938356165 0.5699058219178084 0.5029730308219179 0.574220890410959
3 0.8150240384615385 0.4935897435897436 0.7801682692307692 0.4238782051282052 0.7094951923076923 0.48669871794871794 0.7443509615384616 0.5564102564102564
3 0.46257352941176466 0.8525245098039215 0.44908088235294114 0.7715686274509803 0.35626838235294117 0.7990686274509803 0.3697610294117647 0.8800245098039216
3 0.8111778846153846 0.7942307692307693 0.776081730769231 0.7240384615384617 0.7375000000000002 0.7583333333333335 0.7725961538461539 0.8285256410256411
1 0.7912420382165604 0.8790472399150743 0.7718600716560509 0.7911823248407642 0.7386992436305733 0.8041865711252653 0.7580812101910828 0.8920514861995753
1 0.560568820224719 0.7896301498127343 0.5354634831460674 0.7360720973782773 0.470435393258427 0.7902621722846442 0.4955407303370786 0.8438202247191013
1 0.7720559408926417 0.5510152794531566 0.706866329915561 0.5188228789706475 0.69218373039807 0.5716802372336149 0.7573733413751507 0.603872637716124
1 0.7927909482758622 0.6049281609195405 0.7340840517241379 0.5984051724137933 0.7305711206896552 0.6546120689655174 0.7892780172413795 0.6611350574712646
1 0.891089527027027 0.9037162162162162 0.8858530405405405 0.8618243243243244 0.8290962837837839 0.874436936936937 0.8343327702702702 0.9163288288288289
1 0.7410294117647058 0.5725735294117648 0.6707169117647058 0.5517401960784315 0.6621507352941176 0.6031372549019609 0.7324632352941176 0.6239705882352943
2 0.8890625 0.8187500000000002 0.834375 0.8187500000000002 0.834375 0.8666666666666669 0.8890625 0.8666666666666669
2 0.2298155737704918 0.8064549180327868 0.1623565573770493 0.767103825136612 0.14184426229508204 0.8296174863387978 0.20930327868852458 0.8689685792349727
2 0.2682193396226415 0.5162735849056603 0.24805424528301884 0.42216981132075476 0.2014150943396226 0.439937106918239 0.22158018867924528 0.5340408805031447
2 0.8390625 0.7604166666666669 0.8 0.7604166666666669 0.8 0.8250000000000003 0.8390625 0.8250000000000003
3 0.4994761972633979 0.17837561763588 0.41138291049030784 0.1540740212846827 0.3997202822120866 0.22923318129988604 0.4878135689851767 0.25353477765108334
