0 0.36982379842180774 0.43273852223816356 0.34607917862266857 0.39118543758967 0.29142306312769006 0.44670911047345757 0.3151676829268293 0.48826219512195124
0 0.5384461505190311 0.5208549596309113 0.5073042820069202 0.4430002883506345 0.4712153979238753 0.46866349480968866 0.502357266435986 0.5465181660899655
0 0.7167668269230769 0.7492788461538462 0.7096153846153845 0.7016025641025642 0.6368990384615385 0.7209935897435896 0.6440504807692309 0.7686698717948718
0 0.5165777439024389 0.609349593495935 0.48913871951219506 0.5800813008130081 0.44798018292682923 0.6486788617886178 0.47541920731707316 0.6779471544715446
3 0.3916104579207921 0.5516522277227723 0.37455445544554455 0.45094059405940595 0.29551980198019795 0.47473597359735975 0.31257580445544547 0.5754476072607261
3 0.6190090673575132 0.825895941278066 0.555667098445596 0.7766299654576858 0.5311852331606218 0.8325885146804839 0.594527202072539 0.8818544905008638
3 0.6662432310469313 0.7148751504211792 0.6450654332129964 0.6673179903730446 0.5800834837545127 0.7187620336943442 0.6012612815884475 0.7663191937424789
3 0.42177567237163816 0.7373115321923389 0.4085039731051345 0.6193408720456397 0.33759932762836187 0.6335218011409942 0.3508710268948655 0.7514924612876935
3 0.488892085694051 0.5647515344664779 0.397377390226629 0.5208244806421153 0.38076531515580747 0.582350684608121 0.47228001062322955 0.6262777384324835
2 0.3984375000000001 0.5645833333333333 0.3296875000000001 0.5645833333333333 0.3296875000000001 0.6229166666666667 0.3984375000000001 0.6229166666666667
2 0.35985576923076923 0.6344551282051282 0.32812500000000006 0.60625 0.2954326923076923 0.6716346153846153 0.3271634615384615 0.6998397435897435
2 0.6417310393258429 0.7855571161048691 0.5837254213483146 0.7372191011235957 0.563623595505618 0.7801029962546818 0.6216292134831461 0.8284410112359554
2 0.4339595228384992 0.7910277324632954 0.3879409665579119 0.7330784393692225 0.36094514681892326 0.7711901848830887 0.4069637030995105 0.8291394779771617
2 0.775 0.8270833333333333 0.7328125000000001 0.7708333333333335 0.703125 0.8104166666666669 0.7453124999999999 0.8666666666666668
