1 0.6429525862068964 0.4048419540229885 0.6395150862068965 0.32692528735632187 0.5933512931034483 0.3305459770114943 0.5967887931034482 0.4084626436781609
1 0.6030624999999998 0.41191666666666665 0.5935624999999999 0.3232499999999999 0.55178125 0.33120833333333327 0.56128125 0.419875
1 0.5520432692307693 0.3697115384615384 0.5280048076923076 0.32163461538461535 0.4710336538461538 0.3722756410256409 0.4950721153846153 0.42035256410256405
1 0.5046875 0.5166666666666668 0.4413313356164384 0.4849885844748859 0.4268193493150685 0.5365867579908676 0.4901755136986301 0.5682648401826484
1 0.676111469072165 0.48823024054982816 0.6567171391752578 0.4300472508591066 0.5849548969072165 0.4725730240549829 0.6043492268041237 0.5307560137457046
2 0.507860576923077 0.4321794871794873 0.4706730769230769 0.40384615384615397 0.4355769230769231 0.4857371794871796 0.4727644230769231 0.514070512820513
2 0.5471016839378239 0.45364853195164095 0.5134876943005182 0.42750431778929204 0.4815819300518136 0.5004317789291884 0.5151959196891192 0.5265759930915372
2 0.5699746621621621 0.554786036036036 0.5633488175675676 0.4988344594594594 0.504535472972973 0.5112162162162162 0.5111613175675676 0.5671677927927928
2 0.6438933823529412 0.5643480392156863 0.5947757352941176 0.5111372549019608 0.5693492647058823 0.5528627450980393 0.6184669117647059 0.6060735294117648
2 0.6062162162162162 0.590686936936937 0.5559543918918919 0.5419481981981983 0.5319679054054054 0.5859234234234236 0.5822297297297298 0.6346621621621622
0 0.6624555525164115 0.4914569657184539 0.6287096553610504 0.48288657913931454 0.6156899617067835 0.5740244347191832 0.6494358588621445 0.5825948212983225
0 0.5168144611186903 0.6214103001364256 0.5119713506139154 0.5342343110504775 0.48008611869031387 0.5373834697589814 0.4849292291950887 0.6245594588449296
0 0.6359303325688073 0.4169820336391438 0.6007095756880734 0.39169533639143744 0.5692517201834862 0.46959097859327226 0.6044724770642201 0.49487767584097864
0 0.58828125 0.4552083333333333 0.5632812500000001 0.4218750000000001 0.51484375 0.4864583333333335 0.53984375 0.5197916666666668
0 0.56875 0.3937500000000001 0.509375 0.3937500000000001 0.509375 0.43333333333333346 0.56875 0.43333333333333346
