2 0.1604880136986302 0.7296518264840183 0.1106913527397261 0.6994720319634703 0.09367508561643838 0.7493864155251143 0.14347174657534248 0.7795662100456622
2 0.24041289592760187 0.721144419306184 0.23721012443438916 0.6314668174962293 0.195860435520362 0.6340921945701358 0.19906320701357466 0.7237697963800904
2 0.20541158536585363 0.6420223577235772 0.1743521341463415 0.6088922764227642 0.14249237804878048 0.6619918699186992 0.17355182926829263 0.6951219512195121
2 0.7600419207317073 0.45800304878048775 0.7513528963414634 0.3537347560975609 0.7093368902439023 0.3599593495934959 0.7180259146341463 0.4642276422764227
2 0.6780330882352942 0.39742647058823527 0.6581801470588236 0.29154411764705884 0.6144301470588235 0.30612745098039224 0.634283088235294 0.41200980392156866
0 0.8089749999999999 0.4366500000000001 0.7961749999999999 0.34278333333333344 0.7579499999999999 0.3520500000000001 0.7707499999999998 0.4459166666666667
0 0.7395579268292682 0.31905487804878063 0.6924923780487804 0.2900914634146342 0.6623094512195121 0.37728658536585363 0.7093749999999999 0.40625000000000006
0 0.8596021927767354 0.28525445590994386 0.8171318011257036 0.23768761726078805 0.7616952978424014 0.3256820669168231 0.8041656894934335 0.37324890556597895
0 0.1708463291746641 0.686016474728087 0.11728346928982729 0.6467370441458733 0.10082173704414592 0.6866442738323736 0.15438459692898274 0.7259237044145873
0 0.1287444526627219 0.7848989151873766 0.10415125739644973 0.7062006903353057 0.07430658284023675 0.7227810650887573 0.09889977810650892 0.8014792899408282
3 0.21723083197389886 0.7188111745513867 0.190625 0.68125 0.1452028955954323 0.7384482055464926 0.1718087275693312 0.7760093800978792
3 0.7212558962264151 0.4185141509433963 0.6656338443396226 0.3677712264150944 0.6328272405660378 0.4317020440251574 0.6884492924528302 0.4824449685534592
3 0.7734375 0.23125000000000012 0.7015625 0.23125000000000012 0.7015625 0.34791666666666676 0.7734375 0.34791666666666676
3 0.8617508561643834 0.23344748858447495 0.847945205479452 0.18436073059360744 0.7554794520547945 0.23059360730593614 0.769285102739726 0.2796803652968036
3 0.8933125000000001 0.2061666666666668 0.8530625000000001 0.19850000000000012 0.8377812499999999 0.3411250000000001 0.8780312499999999 0.34879166666666683
