0 0.7538653846153845 0.8802692307692308 0.7516682692307691 0.8275384615384614 0.6814855769230769 0.8327371794871793 0.6836826923076923 0.8854679487179486
0 0.76625 0.7920833333333335 0.7000000000000001 0.7479166666666668 0.6821875000000001 0.7954166666666668 0.7484375 0.8395833333333335
0 0.7731250000000001 0.6362500000000001 0.72875 0.6066666666666668 0.709375 0.6583333333333335 0.7537499999999999 0.6879166666666667
0 0.8124170353982301 0.5995759587020649 0.7937500000000001 0.5979166666666667 0.7900442477876106 0.6720317109144543 0.8087112831858407 0.6736910029498525
0 0.93125 0.11041666666666682 0.90625 0.11041666666666682 0.90625 0.1854166666666668 0.93125 0.18541666666666684
3 0.9252186973018548 0.21828625632377718 0.8616700042158516 0.17728709949409763 0.8320075358347386 0.25902367903316453 0.8955562289207417 0.30002283586284406
3 0.8555288461538462 0.6014423076923078 0.811944628647215 0.5169153404067199 0.7711621352785146 0.5542992926613619 0.8147463527851458 0.6388262599469496
3 0.8014900751072963 0.7426555793991416 0.7945413090128757 0.6376520028612302 0.754959763948498 0.6423086552217453 0.7619085300429186 0.7473122317596567
3 0.8760817307692307 0.43637820512820524 0.8007211538461536 0.36939102564102577 0.7531249999999999 0.4645833333333334 0.8284855769230768 0.5315705128205128
2 0.8904999999999997 0.33658333333333346 0.8535312499999999 0.3295416666666668 0.8431562499999998 0.42637500000000006 0.8801249999999998 0.4334166666666668
2 0.8547604571984436 0.3463602464332038 0.7969783560311284 0.3415450713359275 0.7945099708171207 0.39420395590142676 0.8522920719844358 0.3990191309987031
2 0.8010817307692308 0.6177884615384616 0.7631009615384615 0.5418269230769232 0.7259615384615385 0.5748397435897435 0.7639423076923078 0.6508012820512821
2 0.8090624999999999 0.4908333333333334 0.7598437499999999 0.4689583333333334 0.7403124999999999 0.5470833333333334 0.7895312499999999 0.5689583333333333
2 0.7842567034700314 0.7361855941114618 0.7299487381703469 0.679291535226078 0.6987726735015771 0.7321963722397479 0.7530806388012616 0.7890904311251317
2 0.8909375 0.3029166666666666 0.8706250000000001 0.24874999999999994 0.7993750000000001 0.29625 0.8196875 0.3504166666666667
2 0.934952509380863 0.1854557535959976 0.8788857293621014 0.14678900875547238 0.8611207199812384 0.19258325515947494 0.9171875 0.23125000000000018
