2 0.5480574324324324 0.523873873873874 0.49623658585055647 0.493832803391627 0.46431587837837834 0.591722972972973 0.5161367249602543 0.6217640434552201
2 0.6015625 0.6 0.5515625 0.6 0.5515625 0.6979166666666666 0.6015625 0.6979166666666666
2 0.5953125 0.7270833333333333 0.5078125 0.7270833333333333 0.5078125 0.7875 0.5953125 0.7875
2 0.5089008620689656 0.7736637931034485 0.4529364224137932 0.7105244252873566 0.41885775862068975 0.7642241379310346 0.47482219827586214 0.8273635057471265
1 0.6365285145888594 0.6780222590627766 0.6085079575596817 0.6309753978779843 0.5446734084880637 0.6985649204244033 0.5726939655172414 0.7456117816091956
1 0.5558115560413355 0.6633429385267622 0.48801793521462644 0.627734167991521 0.4696914745627982 0.6897621886592477 0.5374850953895072 0.7253709591944888
1 0.5015436590436592 0.6404261954261956 0.4398538201663202 0.5395997920997923 0.39390917359667366 0.589574670824671 0.4555990124740125 0.6904010741510743
1 0.7207593813387424 0.5554724475997297 0.665788222616633 0.5436506930358351 0.6532533595334686 0.64727222785666 0.7082245182555782 0.6590939824205546
1 0.59828125 0.5556249999999999 0.5696874999999999 0.4412499999999999 0.51578125 0.4652083333333332 0.5443749999999999 0.5795833333333333
2 0.5924929775280899 0.8365683520599252 0.5886516853932584 0.7827902621722846 0.5137359550561797 0.7923033707865168 0.5175772471910113 0.8460814606741572
2 0.5320312500000001 0.7343750000000002 0.4984375000000001 0.6895833333333335 0.47109375 0.7260416666666669 0.5046875 0.7708333333333336
3 0.49276827830188674 0.7240605345911949 0.49139740566037726 0.6820204402515723 0.39436615566037736 0.6876454402515723 0.39573702830188684 0.7296855345911949
3 0.709375 0.7083333333333334 0.5984375 0.7083333333333334 0.5984375 0.7916666666666666 0.709375 0.7916666666666666
3 0.7114635110709444 0.7154400135562585 0.7091645955716221 0.6434073279108298 0.616977801626751 0.6486377843048651 0.6192767171260732 0.7206704699502937
3 0.69375 0.5854166666666669 0.6171875 0.48333333333333356 0.5578125 0.5625000000000002 0.634375 0.6645833333333335
3 0.5825906940063093 0.5878811777076762 0.56665023659306 0.5608307045215565 0.48046135646687704 0.6511238170347006 0.4964018138801262 0.6781742902208203
