3 0.2807587258796822 0.27150255391600464 0.23456122304199772 0.17525775633749535 0.15302213393870603 0.24483777903897092 0.19921963677639049 0.34108257661748026
3 0.23755059753276794 0.2788213184271396 0.17535900154202005 0.2765179259830378 0.17256409020817273 0.41067367000771016 0.23475568619892062 0.412977062451812
3 0.460538974719101 0.9071418539325844 0.3930249297752809 0.7981718164794009 0.3292257724719102 0.8684433520599252 0.3967398174157303 0.9774133895131086
3 0.26881875000000005 0.8948083333333334 0.22893749999999996 0.818 0.17807499999999998 0.86495 0.21795625000000002 0.9417583333333334
3 0.8535992217898831 0.6919666018158238 0.8078793774319066 0.6881566147859923 0.8038180933852141 0.7747973411154345 0.8495379377431906 0.778607328145266
1 0.8875 0.7666666666666667 0.8469350961538463 0.7558493589743591 0.8346153846153849 0.8379807692307694 0.8751802884615385 0.8487980769230768
1 0.6813970588235294 0.6446323529411764 0.6660294117647058 0.5524264705882351 0.6245036764705881 0.5647303921568626 0.6398713235294118 0.6569362745098039
1 0.32519054878048786 0.8060467479674799 0.28738567073170734 0.7430386178861791 0.24984756097560976 0.783079268292683 0.2876524390243903 0.8460873983739838
2 0.9256988506924413 0.8425658078105859 0.8524703124999998 0.8356333333333333 0.8494624999999998 0.8921166666666667 0.9226910381924412 0.8990491411439194
2 0.9176593897716578 0.755648256819461 0.8759697949721452 0.7544015054189838 0.8742921875 0.8541291666666667 0.9159817822995127 0.8553759180671441
2 0.8902494820441988 0.33215354511970535 0.8882683011049723 0.2819636279926335 0.8219224792817681 0.2866194751381215 0.8239036602209946 0.3368093922651933
2 0.3597992081447963 0.26508295625942696 0.34179157239819 0.21439479638009054 0.2736849547511312 0.2574095022624434 0.29169259049773755 0.30809766214177986
0 0.8218028846153846 0.31006410256410266 0.757764423076923 0.3053205128205129 0.7557067307692307 0.3547051282051283 0.8197451923076923 0.359448717948718
0 0.9091340421303657 0.7136360625331216 0.8955211645468999 0.671889904610493 0.843014705882353 0.7023284313725491 0.8566275834658189 0.7440745892951777
