1 0.26050955414012733 0.36944002123142256 0.21733678343949042 0.2639065817409767 0.17409434713375796 0.29535562632696394 0.21726711783439487 0.40088906581740974
1 0.2040483528698464 0.9361324440851522 0.18463141673403394 0.8383286176232821 0.1422430780113177 0.8532892077607114 0.16166001414713013 0.9510930342225815
1 0.9367380261248185 0.41557510885341087 0.9180152394775035 0.3375634978229318 0.8774219883889695 0.35488328495403976 0.8961447750362843 0.43289489598451875
2 0.29375 0.3 0.2421875 0.3 0.2421875 0.37916666666666665 0.29375 0.37916666666666665
2 0.2721549701365188 0.824527161547213 0.23724936006825942 0.7877844141069398 0.19549381399317406 0.8583048919226395 0.23039942406143346 0.8950476393629127
2 0.2982207369942197 0.8122952793834298 0.2588872832369943 0.8042268786127169 0.2478684971098267 0.8997230250481697 0.28720195086705214 0.9077914258188826
2 0.3546875 0.31666666666666665 0.29375 0.31666666666666665 0.29375 0.37916666666666665 0.3546875 0.37916666666666665
3 0.3481869432071269 0.29636692650334073 0.3190283964365256 0.1852867483296214 0.20537305122494431 0.23832590942835932 0.23453159799554565 0.3494060876020787
3 0.9129272788203752 0.24908400357462032 0.8305609081769436 0.200762399463807 0.795103049597855 0.3082104557640751 0.8774694202412867 0.35653205987488845
3 0.7980172413793103 0.3453591954022989 0.7539051724137931 0.2487327586206898 0.7013125 0.2914166666666668 0.7454245689655172 0.38804310344827597
3 0.8787766537944929 0.8559128050145515 0.8535709788448622 0.8004603201253639 0.7808848220282069 0.859196608462055 0.8060904969778374 0.9146490933512426
0 0.82265625 0.7885416666666669 0.80078125 0.7593750000000002 0.76328125 0.8093750000000003 0.78515625 0.8385416666666669
0 0.8485079575596817 0.7969496021220162 0.8018111737400533 0.7838417329796642 0.7926102453580904 0.8421142793987624 0.8393070291777189 0.8552221485411143
0 0.26361040609137054 0.9144775803722506 0.2458692893401015 0.8745600676818952 0.18522208121827416 0.9224788494077836 0.20296319796954315 0.9623963620981388
0 0.21417197452229297 0.8853370488322717 0.17571656050955414 0.7913349256900213 0.1474721337579618 0.8118763269639067 0.18592754777070067 0.9058784501061571
