3 0.7615163372763993 0.24559771109828812 0.7285622836122332 0.14738170802077324 0.649966640219273 0.19426331986920567 0.6829206938834391 0.2924793229467205
3 0.834375 0.5062500000000001 0.7703125 0.5062500000000001 0.7703125 0.6333333333333335 0.834375 0.6333333333333335
3 0.8470635053619302 0.7511394101876677 0.80860841152815 0.7311997319034854 0.7760304959785522 0.8428954423592495 0.8144855898123324 0.8628351206434318
3 0.8312175445103858 0.900154549950544 0.8068898367952523 0.8424888724035609 0.7402726261127597 0.8924517804154303 0.7646003338278933 0.9501174579624134
2 0.7753048780487803 0.8671747967479676 0.7439024390243902 0.8148373983739838 0.6800685975609756 0.8829268292682927 0.7114710365853657 0.9352642276422765
2 0.7755171263345194 0.4342897390272835 0.7533863434163699 0.33986506524317905 0.7083685498220638 0.3586224792408066 0.7304993327402134 0.45304715302491105
2 0.8225551470588236 0.6448774509803922 0.7674632352941178 0.6285539215686275 0.7593014705882354 0.6775245098039216 0.8143933823529412 0.6938480392156864
2 0.6982219827586207 0.5638649425287358 0.6802262931034482 0.5038793103448275 0.6217672413793104 0.5350574712643678 0.6397629310344829 0.5950431034482759
1 0.7520328719723183 0.48841551326412935 0.7125 0.38958333333333345 0.6717073961937716 0.4185914071510959 0.7112402681660899 0.5174235870818917
1 0.8576554084380611 0.4205490724117297 0.7866065417414723 0.4061957660083784 0.7799441763913825 0.46482458108916835 0.8509930430879713 0.4791778874925196
1 0.7899776614142967 0.5934809761721754 0.7325218581860107 0.5198196899820652 0.7007854534973097 0.5638275044837306 0.7582412567255956 0.6374887906738408
1 0.7930937499999999 0.8084583333333332 0.780375 0.6897499999999999 0.7278749999999999 0.6997499999999999 0.7405937499999999 0.8184583333333333
1 0.7385772561262959 0.7478901586553567 0.691722873468426 0.7158920436694943 0.652802485862394 0.8172086082312285 0.699656868520264 0.8492067232170908
0 0.7999461206896552 0.5091954022988506 0.7748275862068965 0.4794252873563219 0.7329310344827586 0.5422701149425287 0.7580495689655173 0.5720402298850575
0 0.7805621778350514 0.46621778350515475 0.7775177190721648 0.42427190721649494 0.720840850515464 0.4315850515463918 0.7238853092783505 0.47353092783505163
0 0.747220685840708 0.6326696165191741 0.686760232300885 0.627295353982301 0.6838426438053097 0.6856471238938054 0.7443030973451327 0.6910213864306787
