2 0.8202920081967212 0.6688661202185793 0.7603739754098359 0.650068306010929 0.7511321721311474 0.7024385245901641 0.8110502049180328 0.7212363387978143
2 0.6144310141509435 0.7866155660377359 0.5518455188679245 0.7829874213836479 0.5503213443396227 0.8297287735849057 0.6129068396226416 0.8333569182389938
2 0.6852444306930693 0.833407590759076 0.6312190594059406 0.7879125412541256 0.6110581683168317 0.8304744224422443 0.6650835396039604 0.8759694719471949
2 0.7541360294117647 0.8595588235294118 0.7464154411764706 0.8183823529411766 0.6850183823529412 0.8388480392156864 0.6927389705882353 0.8800245098039217
2 0.7222002262443438 0.7953808446455505 0.7108173076923077 0.7528846153846155 0.6416289592760179 0.785831447963801 0.6530118778280543 0.8283276772247361
2 0.76796875 0.7260416666666669 0.7492187499999999 0.7010416666666668 0.7085937499999999 0.7552083333333334 0.72734375 0.7802083333333336
3 0.7938365384615385 0.7899102564102564 0.7747692307692308 0.7178782051282051 0.7245865384615384 0.7414935897435897 0.7436538461538461 0.8135256410256411
3 0.7597158192834561 0.732602300667369 0.7424278846153844 0.6338141025641025 0.6998995653319282 0.6470451352300667 0.7171874999999999 0.7458333333333331
3 0.7322770700636942 0.7316560509554139 0.6760668789808917 0.6239198513800425 0.6035051751592356 0.6912234607218684 0.6597153662420382 0.7989596602972397
3 0.6511338657678781 0.7284364009378664 0.54993314038687 0.7119809984368894 0.5443462412075031 0.7730644294646347 0.6455469665885112 0.7895198319656117
3 0.6168152265100673 0.8312849552572708 0.5311556208053692 0.8111297539149888 0.5222367869127517 0.8785164988814318 0.6078963926174497 0.8986717002237138
0 0.6602715163934426 0.8818989071038251 0.6209272540983608 0.8381830601092898 0.5926229508196723 0.8834699453551914 0.631967213114754 0.9271857923497268
0 0.6980863402061855 0.8701159793814434 0.6809471649484535 0.8423668384879724 0.6336275773195875 0.8943256013745704 0.6507667525773195 0.9220747422680413
0 0.7422210300429184 0.8102288984263235 0.7253755364806866 0.773730329041488 0.6750737660944206 0.8150035765379113 0.6919192596566524 0.851502145922747
0 0.786657774390244 0.8505233739837398 0.771265243902439 0.7948170731707318 0.7437499999999998 0.8083333333333335 0.7591425304878048 0.8640396341463414
