1 0.3560557692307692 0.44132820512820514 0.33694807692307693 0.3824128205128205 0.26084903846153845 0.4262897435897436 0.2799567307692308 0.48520512820512823
1 0.6467726293103448 0.43982040229885055 0.5803663793103448 0.43461206896551724 0.5778448275862069 0.49176724137931044 0.6442510775862069 0.49697557471264375
1 0.3338394709543568 0.9652818118948825 0.31829097510373444 0.8645867911479946 0.26882520746887967 0.8781656293222685 0.28437370331950207 0.9788606500691563
0 0.40802834657701725 0.4849047473512634 0.3798231204156479 0.45710829258353713 0.33621256112469433 0.5357783211083945 0.3644177872860636 0.5635747758761208
0 0.31601159793814426 0.6178264604810997 0.30125644329896906 0.573560996563574 0.23239368556701034 0.6143685567010311 0.24714884020618558 0.6586340206185568
0 0.26229850113122183 0.6723086349924585 0.18078690610859735 0.6671332956259428 0.17887089932126704 0.7207814856711917 0.2603824943438915 0.7259568250377075
0 0.24160494942196536 0.8465137283236995 0.18246929190751446 0.788692196531792 0.15485007225433525 0.8389089595375724 0.21398572976878616 0.8967304913294799
3 0.4160813053097344 0.7971238938053098 0.38201050884955745 0.7452064896755163 0.31995298672566364 0.8176069321533924 0.35402378318584066 0.8695243362831859
3 0.3781250000000001 0.7270833333333333 0.2921875000000001 0.7270833333333333 0.2921875000000001 0.7916666666666666 0.3781250000000001 0.7916666666666666
3 0.6046722063621532 0.7263696302338228 0.5463575652528547 0.6529363784665579 0.4812296084828711 0.7448817292006527 0.5395442495921696 0.8183149809679174
3 0.6809375 0.7470833333333334 0.6425 0.6445833333333333 0.58375 0.68375 0.6221875000000001 0.78625
3 0.7266804245283017 0.7984669811320756 0.7138266509433961 0.7384827044025158 0.6343749999999998 0.7687500000000002 0.6472287735849056 0.8287342767295598
2 0.7614889705882353 0.6887254901960785 0.7337633113590264 0.6620267072346181 0.7002662271805273 0.7238674780256932 0.7279918864097362 0.7505662609871535
2 0.7206374446902654 0.6939988938053097 0.7170699668141592 0.6226493362831856 0.6774543694690266 0.6261707227138642 0.6810218473451327 0.6975202802359882
2 0.7450735294117646 0.5291911764705882 0.7148345588235292 0.49463235294117625 0.6771139705882352 0.5533088235294116 0.7073529411764705 0.5878676470588236
2 0.8253280693950178 0.678899762752076 0.8152913701067617 0.636076512455516 0.7640458185053381 0.6574288256227759 0.7740825177935944 0.7002520759193358
