3 0.2680839402497028 0.5176612663495839 0.18791059750297273 0.5150540031708284 0.18576192776456607 0.6325146155370592 0.2659352705112961 0.6351218787158146
3 0.428125 0.3291666666666668 0.3609375 0.3291666666666667 0.3609375 0.4458333333333334 0.428125 0.44583333333333347
3 0.7686493922470434 0.6989350635129216 0.7338678547963207 0.6548784494086727 0.6700455814717479 0.7444535698642137 0.7048271189224706 0.7885101839684625
3 0.37173538107752957 0.5385101839684626 0.30412902431011823 0.4436240692071835 0.23953474047306172 0.5254434954007884 0.30714109724047306 0.6203296101620676
0 0.34143685567010307 0.45756443298969074 0.2922293814432989 0.37789518900343644 0.25953286082474225 0.41379725085910657 0.3087403350515464 0.49346649484536087
0 0.48256686681222705 0.49620633187772933 0.47072325327510917 0.4502674672489083 0.4031249999999999 0.48125 0.41496861353711784 0.527188864628821
0 0.45754160764872526 0.35058663833805487 0.42660676345609055 0.34960457979225695 0.4248990793201132 0.4452348914069878 0.45583392351274793 0.4462169499527857
0 0.77890625 0.7510416666666669 0.7678462837837838 0.723186936936937 0.7194594594594594 0.7573423423423424 0.7305194256756756 0.7851970720720723
2 0.6343750000000001 0.5000000000000001 0.59296875 0.4447916666666668 0.56796875 0.47812500000000013 0.609375 0.5333333333333334
2 0.5542274746192893 0.42942047377326564 0.5150301395939086 0.4256873942470389 0.5103267766497462 0.5134835025380711 0.5495241116751269 0.5172165820642979
2 0.7545220588235294 0.6783823529411764 0.7515900735294118 0.6275612745098038 0.68515625 0.634375 0.6880882352941177 0.6851960784313726
2 0.7998161764705882 0.7676470588235296 0.7420955882352942 0.7484068627450982 0.7330882352941177 0.7964460784313727 0.7908088235294117 0.8156862745098041
1 0.7789959016393443 0.8268101092896173 0.7513319672131148 0.7825478142076501 0.7086065573770493 0.8300204918032785 0.7362704918032786 0.8742827868852457
1 0.8000161637931033 0.6704669540229886 0.7620043103448275 0.6674856321839082 0.7580872844827586 0.7562715517241381 0.7960991379310343 0.7592528735632185
1 0.3769349928366762 0.5046287010506209 0.36166278653295125 0.4002686246418339 0.32403295128939824 0.41005850047755493 0.33930515759312313 0.514418576886342
