0 0.2545925414364641 0.6294889502762432 0.20782113259668505 0.5601979742173113 0.17985151933701657 0.5937615101289135 0.2266229281767956 0.6630524861878454
0 0.33406250000000004 0.48874999999999996 0.29812500000000003 0.3929166666666667 0.25875000000000004 0.4191666666666667 0.29468750000000005 0.515
0 0.40592672413793096 0.50933908045977 0.3528771551724137 0.44646551724137934 0.32589439655172403 0.48693965517241383 0.37894396551724124 0.5498132183908047
0 0.3403189991334489 0.6889586943963025 0.26330426776429816 0.6846800982091277 0.26169844020797234 0.736066580011554 0.3387131715771231 0.7403451761987289
3 0.3868125000000001 0.5939166666666668 0.3207500000000001 0.5813333333333335 0.3087812500000001 0.6930416666666669 0.37484375000000014 0.7056250000000002
3 0.30581117524602575 0.5941206156951805 0.29144587433762303 0.4562137269745142 0.19257191521574563 0.47452371940449145 0.20693721612414837 0.6124306081251577
3 0.9018629807692307 0.35424679487179495 0.8384615384615385 0.33733974358974367 0.8166466346153847 0.482772435897436 0.8800480769230768 0.4996794871794873
2 0.8516094110854502 0.28672055427251747 0.8154950923787527 0.21850461893764445 0.7843930427251731 0.24777713625866055 0.8205073614318706 0.31599307159353357
2 0.28125 0.7479166666666667 0.234375 0.6854166666666668 0.20390625 0.7260416666666668 0.25078124999999996 0.7885416666666668
2 0.823130458515284 0.31869541484716163 0.7922625545851529 0.2648744541484716 0.7582184770742358 0.2995860625909753 0.7890863810043669 0.3534070232896653
2 0.8296875 0.34583333333333344 0.7671875 0.34583333333333344 0.7671875 0.38958333333333345 0.8296875 0.38958333333333345
1 0.8742479253112035 0.3274896265560168 0.8246661047717845 0.289215940525588 0.8047328838174275 0.3351227524204706 0.8543147043568465 0.37339643845089937
1 0.34746875 0.5340416666666667 0.29737500000000006 0.5245000000000001 0.28528125000000004 0.6373750000000001 0.335375 0.6469166666666667
1 0.3119763513513513 0.6921058558558558 0.30507179054054057 0.6338006756756758 0.2311739864864865 0.6493581081081081 0.23807854729729727 0.7076632882882882
1 0.4107980769230769 0.7237371794871794 0.4065432692307692 0.6216217948717949 0.3685528846153846 0.6244358974358976 0.3728076923076923 0.726551282051282
