3 0.9010110294117648 0.9071078431372553 0.8886286764705883 0.8678970588235295 0.8305808823529415 0.900485294117647 0.8429632352941179 0.9396960784313728
3 0.85 0.6166666666666669 0.7859375 0.6166666666666669 0.7859375 0.6604166666666669 0.85 0.6604166666666669
3 0.2427476415094339 0.882822327044025 0.22323113207547163 0.7917452830188678 0.14439858490566032 0.8217767295597483 0.1639150943396226 0.9128537735849055
3 0.29147629310344825 0.3567959770114944 0.23900862068965512 0.29461206896551734 0.20435344827586205 0.34659482758620697 0.2568211206896552 0.40877873563218403
3 0.2500000000000001 0.5104166666666666 0.18593750000000003 0.5104166666666666 0.18593750000000003 0.60625 0.2500000000000001 0.60625
3 0.8150512413394917 0.518187066974596 0.7380827800230947 0.5004931678214013 0.7323000866050808 0.5452126635873751 0.809268547921478 0.5629065627405698
3 0.32252155172413793 0.2979885057471264 0.3056034482758621 0.24159482758620687 0.23744612068965515 0.2779454022988506 0.254364224137931 0.3343390804597701
3 0.413953025477707 0.9271629511677284 0.3968152866242038 0.8852707006369427 0.3345242834394904 0.9305732484076433 0.35166202229299365 0.972465498938429
2 0.5856394230769231 0.43659615384615386 0.5837307692307692 0.3907884615384615 0.5142403846153847 0.3959358974358974 0.5161490384615386 0.44174358974358974
2 0.9385245901639344 0.3328893442622951 0.9129098360655737 0.29190573770491796 0.8632684426229507 0.34706284153005457 0.8888831967213114 0.3880464480874318
