3 0.8985661764705881 0.26860294117647054 0.8648161764705881 0.21610294117647044 0.8123161764705881 0.27610294117647055 0.8460661764705881 0.32860294117647065
3 0.2715999999999999 0.21035000000000004 0.2361062499999999 0.14199166666666668 0.18670624999999993 0.18759166666666666 0.2221999999999999 0.25595
3 0.3907543789808917 0.6951698513800424 0.36823746019108283 0.5930931528662421 0.3336385350318471 0.6066613588110404 0.35615545382165603 0.7087380573248407
3 0.5359375 0.5166666666666668 0.4578125 0.5166666666666668 0.4578125 0.5770833333333333 0.5359375 0.5770833333333333
3 0.14897629310344832 0.49195402298850577 0.11206896551724141 0.4722701149425287 0.0839439655172414 0.5660201149425287 0.12085129310344829 0.5857040229885058
3 0.5001838235294118 0.6926470588235294 0.48483455882352944 0.6107843137254902 0.4513786764705882 0.6219362745098039 0.46672794117647054 0.7037990196078431
3 0.34625000000000006 0.31708333333333333 0.32281250000000006 0.2545833333333334 0.2578125 0.2979166666666667 0.28125 0.36041666666666666
3 0.21999999999999997 0.47791666666666666 0.16768750000000004 0.3849166666666667 0.11693750000000003 0.4356666666666667 0.16924999999999998 0.5286666666666666
3 0.5986326892744479 0.4530021030494218 0.5608418769716088 0.346298633017876 0.5049467665615142 0.3814918506834912 0.5427375788643534 0.48819532071503696
3 0.678125 0.9020833333333336 0.6453125 0.8583333333333336 0.61875 0.8937500000000003 0.6515625 0.9375000000000002
3 0.6130456887201736 0.7650759219088937 0.5355748373101953 0.7107104121475055 0.5005965292841649 0.7993221258134491 0.5780673806941432 0.8536876355748374
3 0.6058943965517242 0.9443103448275864 0.6028556034482759 0.8956896551724137 0.5326400862068965 0.903491379310345 0.5356788793103447 0.9521120689655175
3 0.48359375 0.35520833333333346 0.42734375 0.28020833333333345 0.39453125000000006 0.32395833333333346 0.45078125 0.39895833333333347
3 0.27903124999999995 0.3751250000000001 0.26721874999999995 0.264875 0.176 0.28225 0.18781249999999997 0.39250000000000007
