3 0.9359375 0.6812500000000002 0.8734375 0.6812500000000002 0.8734375 0.7687500000000003 0.9359375 0.7687500000000003
3 0.61875 0.6958333333333333 0.5734375 0.6958333333333333 0.5734375 0.7979166666666667 0.61875 0.7979166666666667
3 0.975 0.7104166666666669 0.9439797794117647 0.6856004901960786 0.8957261029411765 0.7928308823529413 0.9267463235294118 0.8176470588235296
3 0.872065548780488 0.539380081300813 0.8272484756097562 0.46468495934959353 0.7254954268292684 0.5732215447154473 0.7703125 0.6479166666666668
3 0.6460746951219513 0.4554369918699187 0.6269588414634146 0.3364939024390244 0.5165167682926829 0.36804878048780487 0.5356326219512195 0.48699186991869925
3 0.7765625 0.6833333333333336 0.721875 0.6833333333333335 0.721875 0.7937500000000001 0.7765625 0.7937500000000003
3 0.7548500951776649 0.4105065566835872 0.68808692893401 0.3077939932318106 0.5862468274111674 0.4254758883248731 0.6530099936548223 0.5281884517766497
3 0.9212316176470589 0.6757352941176471 0.9088235294117648 0.6095588235294118 0.8147058823529412 0.6409313725490197 0.8271139705882353 0.7071078431372549
0 1.0000501720183486 0.643874235474006 0.9787270642201836 0.5910741590214068 0.9052107224770642 0.643855122324159 0.9265338302752294 0.6966551987767583
0 0.8927439024390242 0.2195731707317074 0.8493445121951219 0.19286585365853673 0.807591463414634 0.3134857723577237 0.8509908536585364 0.3401930894308943
