3 0.84375 0.15208333333333346 0.809375 0.10625 0.76015625 0.171875 0.79453125 0.21770833333333345
3 0.7182812500000001 0.6477083333333336 0.64375 0.6145833333333336 0.6262500000000001 0.6845833333333334 0.7007812500000001 0.7177083333333333
3 0.4903125000000001 0.7616666666666668 0.45625 0.6708333333333335 0.42625 0.6908333333333334 0.4603125 0.7816666666666667
3 0.528860294117647 0.7039215686274509 0.4734834558823528 0.6596200980392157 0.4547334558823528 0.7012867647058824 0.510110294117647 0.7455882352941177
3 0.626375 0.61425 0.5995625 0.5665833333333333 0.5403125000000001 0.6258333333333332 0.5671250000000001 0.6735
3 0.23742722602739724 0.13178652968036536 0.19785958904109585 0.07497146118721464 0.15357020547945202 0.12980593607305937 0.1931378424657534 0.1866210045662101
3 0.10959051724137939 0.42011494252873566 0.073760775862069 0.4010057471264368 0.04477370689655173 0.4976293103448276 0.08060344827586212 0.5167385057471264
3 0.7994299892703863 0.68222460658083 0.7330874463519315 0.6277896995708157 0.7050831545064379 0.6884656652360517 0.7714256974248929 0.742900572246066
3 0.5918729026845637 0.8872063758389264 0.5609375 0.8583333333333335 0.5186556208053691 0.9388702460850112 0.5495910234899328 0.9677432885906041
3 0.24234673566878984 0.30655520169851375 0.21704319267515926 0.19184580679405522 0.13557921974522294 0.22379246284501067 0.16088276273885352 0.3385018577494692
3 0.17906250000000004 0.4233333333333334 0.13875 0.3158333333333333 0.081875 0.35374999999999995 0.12218750000000003 0.46125
3 0.40259712837837835 0.27806869369369375 0.3637246621621621 0.24104729729729732 0.31896114864864866 0.32460585585585583 0.35783361486486487 0.3616272522522523
3 0.63203125 0.7864583333333336 0.5796874999999999 0.7166666666666668 0.52109375 0.7947916666666667 0.5734375 0.8645833333333335
3 0.6353245192307692 0.8679967948717949 0.6084855769230768 0.8219871794871794 0.577764423076923 0.8538461538461537 0.6046033653846153 0.8998557692307692
3 0.69375 0.5729166666666667 0.659375 0.5270833333333333 0.6078125 0.5958333333333333 0.6421875000000001 0.6416666666666668
