1 0.2530609631147542 0.9134392076502734 0.194595286885246 0.9063524590163935 0.19026639344262303 0.9698428961748635 0.2487320696721312 0.9769296448087433
1 0.5491050918836141 0.7152884124553345 0.5294147205206737 0.6708588565594692 0.46787662710566613 0.719343415007657 0.48756699846860646 0.7637729709035223
3 0.14498820754716985 0.5817216981132076 0.11145341981132077 0.5012382075471699 0.07855247641509436 0.5256092767295598 0.11208726415094342 0.6060927672955976
3 0.32416364107883827 0.600535961272476 0.27602437759336107 0.5834197786998617 0.2567297717842324 0.679892807745505 0.3048690352697096 0.6970089903181191
3 0.9044181034482758 0.40193965517241387 0.8211745689655171 0.35754310344827595 0.8037176724137931 0.41573275862068976 0.8869612068965518 0.4601293103448277
3 0.17131806930693078 0.7532590759075908 0.09644183168316842 0.7432755775577558 0.08777846534653475 0.8587871287128713 0.1626547029702971 0.8687706270627064
3 0.329420955882353 0.5478799019607844 0.2906985294117647 0.5150245098039217 0.26464154411764707 0.5696200980392158 0.30336397058823533 0.6024754901960784
3 0.771875 0.2187500000000001 0.73125 0.2187500000000001 0.73125 0.32708333333333345 0.771875 0.32708333333333345
3 0.8921875 0.2625000000000001 0.7875 0.2625000000000001 0.7875 0.3354166666666668 0.8921875 0.3354166666666668
0 0.2519723360655738 0.483094262295082 0.22384733606557378 0.451844262295082 0.1820952868852459 0.5186475409836065 0.2102202868852459 0.5498975409836065
0 0.5583029197080291 0.659610705596107 0.5437956204379562 0.6064172749391729 0.47617472627737223 0.6392031630170317 0.4906820255474452 0.6923965936739659
3 0.9099534486668949 0.1563786771261711 0.8157586820603807 0.13226560797926573 0.7973576806244963 0.26005453254918537 0.8915524472310103 0.28416760169609073
