2 0.30312500000000003 0.45625 0.21453125 0.41687500000000005 0.19859375 0.48062499999999997 0.28718750000000004 0.52
2 0.6812500000000001 0.8229166666666671 0.6507812499999999 0.7822916666666668 0.6031249999999999 0.8458333333333334 0.6335937500000001 0.8864583333333337
1 0.9518547524449879 0.09947279951100269 0.9178063875305623 0.06591788916055433 0.8741633557457213 0.14464649551752254 0.9082117206601467 0.1782014058679709
3 0.6014154411764708 0.5525490196078433 0.5218382352941179 0.5443872549019609 0.518887867647059 0.5955269607843138 0.5984650735294119 0.6036887254901961
3 0.690819459606987 0.8610762372634645 0.6716600709606987 0.8276701237263465 0.6043838700873363 0.8962654657933044 0.6235432587336246 0.9296715793304223
3 0.3283018867924528 0.5366745283018869 0.24162735849056607 0.5036556603773585 0.226061320754717 0.5762971698113208 0.3127358490566038 0.6093160377358492
3 0.703125 0.4687500000000001 0.634375 0.4687500000000001 0.634375 0.575 0.703125 0.575
3 0.3864182692307693 0.2822115384615385 0.3376201923076923 0.1846153846153846 0.2993990384615384 0.2185897435897436 0.3481971153846154 0.3161858974358974
3 0.2199461206896552 0.5104454022988505 0.18551724137931033 0.46964080459770113 0.12663793103448276 0.5579597701149426 0.1610668103448276 0.5987643678160919
3 0.6164830202312139 0.6626445086705204 0.6082821531791908 0.5915703275529864 0.5307893786127167 0.6074662813102117 0.5389902456647399 0.6785404624277457
3 0.5163625000000002 0.2731166666666668 0.4384437500000001 0.20119166666666663 0.37713125000000003 0.31927500000000003 0.4550500000000001 0.39120000000000016
1 0.6175992127249357 0.8527126178234791 0.5986624357326477 0.7553234790059984 0.5592404402313624 0.7689508354755785 0.5781772172236503 0.8663399742930591
