3 0.12875 0.48916666666666664 0.06937499999999999 0.3308333333333333 -0.009375000000000022 0.38333333333333336 0.05 0.5416666666666666
3 0.9840389150943395 0.7186399371069184 0.9543337264150942 0.6754323899371072 0.8735318396226415 0.7741902515723272 0.9032370283018867 0.8173977987421386
3 0.2611210151006712 0.840974552572707 0.1427485318791947 0.8131222035794183 0.13110843120805377 0.9010696308724832 0.24948091442953024 0.9289219798657719
3 0.3045306691449815 0.4692301734820324 0.25575046468401486 0.4191991945477076 0.17326905204460968 0.56216697645601 0.22204925650557628 0.6121979553903346
3 0.7075721153846154 0.6349358974358973 0.6664663461538463 0.5527243589743591 0.5377403846153846 0.667147435897436 0.5788461538461538 0.7493589743589744
3 0.7917158018867926 0.350117924528302 0.6953419811320755 0.31340408805031456 0.6737617924528302 0.41411163522012584 0.7701356132075473 0.4508254716981133
3 0.4609374999999999 0.15625000000000003 0.3867187499999999 0.09687500000000006 0.33915441176470584 0.20257352941176474 0.4133731617647058 0.2619485294117647
3 0.5277537128712873 0.4737004950495051 0.4321472772277228 0.46095297029702986 0.4232054455445545 0.580177392739274 0.5188118811881189 0.5929249174917494
3 0.5390625 0.7229166666666667 0.42265625000000007 0.5677083333333335 0.38125000000000003 0.6229166666666668 0.49765625 0.778125
3 0.745959051724138 0.9084051724137931 0.6978987068965518 0.7482040229885055 0.5623922413793103 0.8204741379310344 0.6104525862068966 0.9806752873563218
