1 0.5264881505576208 0.9497955390334575 0.49050302044609656 0.8508364312267659 0.43943889405204467 0.8838475836431228 0.4754240241635689 0.9828066914498143
3 0.45343750000000005 0.7929166666666667 0.3790625 0.7433333333333335 0.35218750000000004 0.8150000000000001 0.42656250000000007 0.8645833333333335
3 0.8037181399132318 0.7192109544468547 0.761723834056399 0.6128253796095444 0.7201226952277656 0.6420191612436732 0.7621170010845986 0.7484047360809835
3 0.35319434171597636 0.7737364398422091 0.3304779955621302 0.7001787475345168 0.2983357988165681 0.7178254437869823 0.32105214497041423 0.7913831360946747
3 0.6906173780487805 0.6034247967479675 0.6699466463414635 0.4748069105691057 0.5301600609756097 0.5147459349593496 0.5508307926829268 0.6433638211382113
3 0.578125 0.6104166666666667 0.4875 0.6104166666666667 0.4875 0.6770833333333334 0.578125 0.6770833333333334
3 0.4843750000000001 0.6458333333333335 0.43359375 0.578125 0.36953125 0.6635416666666668 0.4203125 0.7312500000000003
2 0.3109375 0.1770833333333334 0.259375 0.1770833333333334 0.259375 0.2875 0.3109375 0.2875
3 0.3564338235294118 0.09889705882352945 0.2556801470588236 0.06904411764705887 0.23961397058823533 0.16544117647058829 0.34036764705882355 0.19529411764705887
2 0.5233774038461539 0.8725160256410258 0.5072716346153847 0.7651442307692308 0.46280048076923086 0.7770032051282051 0.47890625 0.8843750000000002
